photos:263188467;263477609;263604721;263605913;263712791;263714767;263795587;263807767;263880963;263881025
photos:263922667;263925541;263925909;263927159;263927535;263927809;263928749;263929127;263929725;263931285
photos:263931539;263948373;263948577;263949401;263949705;263950219;263950349;263950635;263950727;263952425
photos:263953053;263955167;263955949;263956305;263957285;263958113;263958117;263958553;263958633;263958903
photos:263959097;263959639;263960787;263961153;263961235;263961297;263961603;263963227;263963711;263963713
photos:263963733;263963741;263963743;263963753;263963765;263963767;263963787;263963789;263963805;263963807
photos:263963809;263963811;263963839;263964029;263964767;263965169;263965545;263966493;263966643;263967297
photos:263969191;263969307;263969601;263970771;263970773;263971629;263971891;263972213;263972259;263973783
photos:263973925;263974415;263974487;263974493;263974765;263975119;263975517;263975993;263976163;263976725
photos:263977217;263977269;263977271;263977345;263977565;263977575;263977627;263977675;263977905;263981221
photos:263981339;263981633;263982103;263982781;263982975;263983585;263983603;263983861;263984137;263984447
photos:263984605;263984661;263984729;263984917;263984963;263985055;263985479;263985481;263985483;263985741
photos:263986141;263986383;263986521;263986545;263986579;263986729;263986921;263988697;263988727;263988745
photos:263989195;263989483;263989665;263989953;263990015;263990365;263990367;263990477;263990517;263990573
photos:263990685;263990693;263990721;263990881;263991035;263991079;263991099;263991169;263991187;263991229
photos:263992247;263992353;263993433;263993653;263993713;263993739;263994187;263994189;263994195;263994201
photos:263994217;263994247;263994269;263994287;263994369;263995061;263995231;263995311;263996481;263996671
photos:263997627;263997783;263998197;263998363;263998593;263998783;264000269;264000957;264001455;264001793
photos:264002215;264002615;264002777;264003211;264003981;264005623;264005625;264005655;264005903;264005959
photos:264005977;264006031;264006063;264006225;264006443;264006471;264006919;264006929;264007075;264007081
photos:264007147;264008461;264008593;264008719;264008851;264009265;264009595;264010255;264010521;264010529
photos:264010663;264010673;264010741;264010885;264010997;264011033;264011107;264011109;264011111;264011115
photos:264011117;264011119;264011327;264011807;264011857;264011975;264012071;264012181;264012223;264012229
photos:264012309;264012321;264012377;264012577;264012635;264012935;264013085;264013101;264013115;264013147
photos:264013165;264013181;264013221;264013287;264013303;264013411;264013417;264013419;264013585;264013747
photos:264013755;264013783;264013855;264013949;264013987;264014061;264014135;264014207;264014235;264014245
photos:264014341;264014493;264014501;264014585;264014645;264014719;264014725;264014779;264014783;264014785
photos:264014791;264015017;264015183;264015205;264015247;264015715;264015739;264015775;264015777;264015829
photos:264015855;264015943;264015955;264016113;264016253;264016263;264016271;264016289;264016331;264016359
photos:264016403;264016423;264016465;264016467;264016471;264016501;264016511;264016537;264016553;264016623
photos:264016731;264016761;264016765;264016803;264016871;264016887;264016919;264016929;264016943;264017027
photos:264017105;264017109;264017175;264017177;264017185;264017189;264017191;264017257;264017279;264017305
photos:264017307;264017325;264017345;264017351;264017373;264017487;264017495;264017511;264017553;264017559
photos:264017577;264017615;264017641;264017645;264017653;264017707;264017719;264017735;264017775;264017785
photos:264017795;264017897;264017919;264017923;264017927;264017945;264017959;264018027;264018093;264018105
photos:264018139;264018163;264018217;264018239;264018281;264018367;264018395;264018437;264018455;264018469
photos:264018519;264018599;264018673;264018721;264018785;264018793;264018953;264019041;264019049;264019077
photos:264019201;264019361;264019617;264019683;264019741;264019755;264019761;264019777;264019785;264019827
photos:264019867;264019901;264019927;264020099;264020209;264020257;264020273;264020309;264020389;264020455
photos:264020513;264020525;264020589;264020605;264020617;264020621;264020645;264020673;264020687;264020697
photos:264020699;264020725;264020739;264020747;264020751;264020863;264020877;264020883;264020975;264020981
photos:264020997;264021007;264021011;264021017;264021061;264021071;264021115;264021119;264021133;264021151
photos:264021185;264021251;264021271;264021275;264021331;264021367;264021379;264021413;264021439;264021443
photos:264021453;264021459;264021481;264021485;264021487;264021535;264021557;264021585;264021619;264021643
photos:264021647;264021653;264021657;264021727;264021729;264021735;264021755;264021817;264021841;264021853
photos:264021887;264021909;264021923;264021951;264021979;264021981;264021987;264021991;264021993;264022061
photos:264022071;264022073;264022081;264022095;264022107;264022123;264022135;264022175;264022179;264022187
photos:264022191;264022245;264022283;264022305;264022319;264022329;264022339;264022451;264022479;264022517
photos:264022569;264022589;264022617;264022627;264022679;264022691;264022693;264022707;264022713;264022721
photos:264022749;264022771;264022775;264022807;264022833;264022835;264022849;264022911;264022923;264022959
photos:264022975;264023003;264023005;264023019;264023031;264023065;264023083;264023099;264023119;264023135
photos:264023145;264023149;264023205;264023241;264023243;264023257;264023265;264023283;264023295;264023299
photos:264023311;264023329;264023373;264023391;264023403;264023457;264023459;264023485;264023487;264023517
photos:264023523;264023529;264023571;264023589;264023675;264023703;264023705;264023737;264023749;264024011
photos:264024035;264024077;264024109;264024181;264024211;264024233;264024271;264024281;264024285;264024411
photos:264024417;264024433;264024485;264024499;264024539;264024587;264024643;264024645;264024663;264024793
photos:264024855;264024883;264024889;264024993;264025003;264025085;264025099;264025111;264025127;264025199
photos:264025201;264025207;264025209;264025211;264025467;264025547;264025587;264025603;264025615;264025621
photos:264025653;264025693;264025797;264025807;264025837;264025859;264025867;264025891;264025939;264026189
photos:264026197;264026209;264026293;264026305;264026331;264026357;264026417;264026797;264026823;264026833
photos:264026843;264027017;264027031;264027101;264027117;264027159;264027187;264027259;264027261;264027323
photos:264027335;264027351;264027385;264027405;264027425;264027471;264027537;264027539;264027557;264027559
photos:264027567;264027637;264027671;264028071;264028087;264028133;264028153;264028159;264028207;264028233
photos:264028245;264028257;264028293;264028303;264028309;264028325;264028387;264028405;264028419;264028457
photos:264028473;264028481;264028511;264028525;264028555;264028565;264028573;264028587;264028601;264028645
photos:264028659;264028663;264028665;264028761;264028775;264028817;264028823;264028861;264028863;264028891
photos:264028941;264028975;264028995;264029003;264029073;264029085;264029099;264029117;264029135;264029137
photos:264029151;264029183;264029207;264029209;264029217;264029221;264029223;264029283;264029287;264029291
photos:264029293;264029315;264029327;264029343;264029353;264029375;264029395;264029425;264029437;264029443
photos:264029451;264029457;264029463;264029489;264029547;264029575;264029579;264029585;264029649;264029657
photos:264029691;264029697;264029707;264029715;264029735;264029771;264029773;264029779;264029783;264029785
photos:264029871;264029881;264029893;264029923;264029943;264029959;264029983;264030013;264030075;264030125
photos:264030133;264030147;264030189;264030205;264030245;264030255;264030263;264030285;264030367;264030375
photos:264030391;264030413;264030439;264030443;264030453;264030473;264030495;264030515;264030533;264030557
photos:264030567;264030583;264030601;264030607;264030645;264030649;264030657;264030675;264030723;264030731
photos:264030769;264030783;264030787;264030799;264030805;264030865;264030871;264030877;264030909;264030911
photos:264030929;264030939;264030945;264030965;264031015;264031019;264031055;264031137;264031187;264031199
photos:264031211;264031227;264031259;264031275;264031283;264031295;264031311;264031319;264031379;264031385
photos:264031393;264031445;264031447;264031449;264031455;264031457;264031483;264031519;264031549;264031559
photos:264031575;264031583;264031609;264031665;264031681;264031699;264031711;264031713;264031739;264031757
photos:264031769;264031771;264031775;264031787;264031789;264031817;264031825;264031833;264031839;264031845
photos:264031915;264031967;264031989;264032049;264032061;264032077;264032103;264032145;264032157;264032183
photos:264032241;264032247;264032267;264032271;264032277;264032285;264032299;264032311;264032325;264032343
photos:264032395;264032407;264032415;264032431;264032441;264032451;264032457;264032481;264032529;264032557
photos:264032567;264032569;264032571;264032579;264032585;264032587;264032609;264032637;264032643;264032709
photos:264032719;264032753;264032759;264032777;264032779;264032781;264032785;264032791;264032795;264032797
photos:264032807;264032809;264032815;264032819;264032847;264032853;264032861;264032867;264032873;264032877
photos:264032897;264032899;264032905;264032923;264032927;264032939;264032941;264032953;264032957;264032983
photos:264032985;264033003;264033007;264033015;264033019;264033025;264033027;264033031;264033071;264033075
photos:264033097;264033107;264033119;264033127;264033131;264033137;264033145;264033159;264033163;264033165
photos:264033171;264033211;264033251;264033267;264033279;264033307;264033311;264033343;264033349;264033373
photos:264033383;264033391;264033399;264033405;264033409;264033425;264033429;264033447;264033453;264033459
photos:264033467;264033477;264033479;264033483;264033489;264033495;264033507;264033517;264033541;264033557
photos:264033571;264033587;264033591;264033605;264033613;264033617;264033623;264033625;264033627;264033629
photos:264033631;264033635;264033637;264033639;264033643;264033649;264033671;264033677;264033681;264033685
photos:264033687;264033693;264033697;264033709;264033741;264033743;264033745;264033747;264033751;264033753
photos:264033763;264033765;264033769;264033779;264033783;264033789;264033791;264033799;264033835;264033843
photos:264033849;264033851;264033873;264033875;264033881;264033887;264033893;264033897;264033899;264033905
photos:264033909;264033911;264033919;264033933;264033939;264033945;264033947;264033951;264033969;264033971
photos:264033987;264033989;264033993;264034009;264034011;264034013;264034015;264034029;264034039;264034043
photos:264034045;264034051;264034053;264034055;264034057;264034063;264034067;264034071;264034073;264034075
photos:264034077;264034085;264034095;264034119;264034121;264034131;264034133;264034137;264034143;264034151
photos:264034155;264034157;264034161;264034165;264034167;264034177;264034179;264034181;264034183;264034187
photos:264034189;264034205;264034209;264034211;264034223;264034233;264034235;264034243;264034247;264034259
photos:264034265;264034267;264034271;264034275;264034285;264034287;264034289;264034291;264034301;264034307
photos:264034311;264034313;264034317;264034327;264034335;264034339;264034353;264034355;264034357;264034361
photos:264034367;264034369;264034371;264034375;264034385;264034387;264034393;264034395;264034403;264034405
photos:264034415;264034417;264034419;264034421;264034425;264034427;264034431;264034435;264034437;264034445
photos:264034447;264034449;264034451;264034461;264034463;264034469;264034471;264034479;264034485;264034511
photos:264034513;264034527;264034535;264034543;264034549;264034557;264034563;264034569;264034587;264034591
photos:264034601;264034643;264034673;264034719;264034723;264034731;264034735;264034737;264034743;264034751
photos:264034757;264034763;264034777;264034799;264034815;264034819;264034833;264034835;264034843;264034857
photos:264034867;264034869;264034909;264034917;264034921;264034923;264034945;264034951;264034977;264034983
photos:264034985;264034997;264035013;264035015;264035021;264035023;264035029;264035031;264035035;264035043
photos:264035047;264035051;264035063;264035065;264035071;264035075;264035081;264035095;264035097;264035103
photos:264035111;264035117;264035121;264035141;264035147;264035157;264035159;264035173;264035181;264035183
photos:264035203;264035205;264035209;264035211;264035215;264035217;264035219;264035223;264035229;264035233
photos:264035237;264035241;264035247;264035249;264035251;264035273;264035275;264035283;264035291;264035293
photos:264035297;264035299;264035311;264035331;264035337;264035345;264035351;264035361;264035371;264035377
photos:264035381;264035395;264035401;264035405;264035409;264035411;264035421;264035427;264035431;264035433
photos:264035435;264035447;264035449;264035453;264035459;264035465;264035479;264035483;264035493;264035503
photos:264035509;264035575;264035585;264035599;264035601;264035607;264035611;264035615;264035623;264035629
photos:264035633;264035635;264035641;264035651;264035659;264035665;264035667;264035671;264035673;264035675
photos:264035677;264035705;264035719;264035721;264035725;264035743;264035747;264035753;264035755;264035767
photos:264035799;264035801;264035807;264035809;264035819;264035823;264035835;264035837;264035839;264035843
photos:264035855;264035865;264035869;264035885;264035889;264035895;264035901;264035903;264035905;264035907
photos:264035925;264035927;264035929;264035931;264035933;264035937;264035939;264035955;264035957;264035965
photos:264035969;264035975;264035991;264035993;264036001;264036003;264036005;264036007;264036021;264036025
photos:264036035;264036039;264036041;264036055;264036063;264036065;264036073;264036079;264036083;264036095
photos:264036101;264036123;264036125;264036143;264036145;264036153;264036155;264036161;264036165;264036171
photos:264036173;264036201;264036207;264036255;264036257;264036277;264036283;264036297;264036303;264036309
photos:264036319;264036333;264036335;264036339;264036379;264036381;264036393;264036431;264036433;264036451
photos:264036461;264036467;264036471;264036481;264036487;264036491;264036497;264036511;264036515;264036517
photos:264036523;264036527;264036529;264036535;264036539;264036541;264036555;264036569;264036571;264036573
photos:264036581;264036585;264036637;264036655;264036657;264036661;264036671;264036673;264036675;264036687
photos:264036691;264036695;264036703;264036719;264036725;264036739;264036757;264036759;264036767;264036771
photos:264036775;264036777;264036813;264036819;264036825;264036827;264036839;264036843;264036847;264036855
photos:264036869;264036873;264036875;264036879;264036883;264036899;264036905;264036927;264036971;264036985
photos:264036987;264037003;264037007;264037011;264037013;264037025;264037035;264037039;264037043;264037051
photos:264037089;264037093;264037095;264037117;264037131;264037133;264037139;264037147;264037149;264037157
photos:264037163;264037185;264037207;264037255;264037261;264037263;264037265;264037267;264037285;264037291
photos:264037293;264037295;264037299;264037301;264037309;264037313;264037315;264037317;264037321;264037323
photos:264037353;264037359;264037367;264037369;264037373;264037383;264037395;264037425;264037427;264037429
photos:264037433;264037435;264037463;264037465;264037469;264037489;264037505;264037515;264037525;264037533
photos:264037543;264037563;264037571;264037573;264037577;264037593;264037595;264037597;264037603;264037615
photos:264037619;264037621;264037649;264037651;264037653;264037665;264037669;264037685;264037687;264037689
photos:264037695;264037703;264037721;264037731;264037751;264037755;264037771;264037773;264037781;264037783
photos:264037787;264037791;264037807;264037813;264037819;264037825;264037835;264037837;264037841;264037859
photos:264037863;264037871;264037873;264037885;264037891;264037901;264037903;264037905;264037919;264037929
photos:264037931;264037933;264037935;264037951;264037953;264037969;264037971;264037979;264037985;264037987
photos:264037989;264037995;264038011;264038027;264038037;264038041;264038045;264038047;264038063;264038065
photos:264038067;264038077;264038085;264038087;264038165;264038185;264038205;264038217;264038239;264038303
photos:264038305;264038333;264038335;264038337;264038341;264038349;264038351;264038357;264038369;264038389
photos:264038455;264038459;264038463;264038465;264038469;264038473;264038479;264038481;264038545;264038549
photos:264038555;264038603;264038609;264038641;264038683;264038687;264038689;264038693;264038697;264038703
photos:264038717;264038769;264038779;264038781;264038783;264038787;264038793;264038795;264038799;264038805
photos:264038813;264038821;264038825;264038837;264038839;264038859;264038865;264038867;264038873;264038877
photos:264038881;264038889;264038891;264038893;264038901;264038903;264038905;264038907;264038927;264038931
photos:264038941;264038943;264038951;264038955;264038959;264038963;264038965;264038969;264038975;264038985
photos:264038989;264038995;264039011;264039017;264039025;264039027;264039029;264039031;264039039;264039063
photos:264039071;264039073;264039079;264039081;264039083;264039097;264039101;264039109;264039111;264039113
photos:264039117;264039119;264039123;264039127;264039131;264039133;264039137;264039141;264039143;264039151
photos:264039153;264039157;264039159;264039161;264039165;264039169;264039181;264039185;264039187;264039207
photos:264039215;264039219;264039221;264039223;264039227;264039231;264039233;264039235;264039241;264039249
photos:264039253;264039259;264039261;264039269;264039277;264039285;264039295;264039303;264039311;264039317
photos:264039323;264039325;264039327;264039337;264039339;264039343;264039351;264039355;264039357;264039363
photos:264039365;264039385;264039387;264039403;264039405;264039409;264039419;264039421;264039423;264039435
photos:264039445;264039447;264039449;264039455;264039459;264039463;264039473;264039477;264039479;264039481
photos:264039483;264039485;264039505;264039511;264039519;264039531;264039535;264039537;264039541;264039549
photos:264039555;264039561;264039571;264039573;264039581;264039585;264039587;264039603;264039605;264039613
photos:264039615;264039623;264039631;264039635;264039637;264039643;264039645;264039659;264039667;264039679
photos:264039697;264039707;264039723;264039731;264039733;264039737;264039745;264039749;264039753;264039757
photos:264039765;264039767;264039769;264039771;264039773;264039777;264039787;264039791;264039799;264039809
photos:264039811;264039813;264039821;264039823;264039825;264039827;264039843;264039845;264039847;264039849
photos:264039851;264039855;264039859;264039869;264039873;264039879;264039881;264039883;264039885;264039891
photos:264039893;264039895;264039903;264039907;264039911;264039913;264039925;264039927;264039931;264039947
photos:264039951;264039953;264039955;264039959;264039961;264039967;264039975;264039979;264039983;264039985
photos:264039995;264039999;264040001;264040003;264040005;264040011;264040017;264040019;264040021;264040025
photos:264040035;264040037;264040039;264040043;264040047;264040051;264040053;264040055;264040059;264040065
photos:264040067;264040075;264040079;264040083;264040091;264040105;264040107;264040109;264040113;264040119
photos:264040121;264040129;264040137;264040139;264040141;264040143;264040147;264040157;264040159;264040161
photos:264040167;264040171;264040177;264040179;264040181;264040183;264040185;264040187;264040193;264040195
photos:264040205;264040207;264040211;264040213;264040217;264040219;264040225;264040227;264040229;264040231
photos:264040243;264040245;264040247;264040251;264040253;264040257;264040267;264040269;264040273;264040275
photos:264040277;264040279;264040283;264040285;264040291;264040307;264040309;264040313;264040319;264040323
photos:264040329;264040335;264040345;264040367;264040373;264040383;264040385;264040399;264040403;264040409
photos:264040417;264040423;264040425;264040427;264040435;264040437;264040445;264040451;264040453;264040463
photos:264040465;264040469;264040471;264040473;264040477;264040483;264040491;264040495;264040499;264040501
photos:264040505;264040511;264040515;264040517;264040521;264040523;264040525;264040535;264040537;264040543
photos:264040551;264040553;264040561;264040567;264040569;264040575;264040579;264040581;264040583;264040585
photos:264040591;264040593;264040597;264040599;264040601;264040603;264040605;264040609;264040611;264040615
photos:264040617;264040619;264040623;264040625;264040629;264040637;264040645;264040647;264040649;264040651
photos:264040653;264040655;264040663;264040667;264040669;264040671;264040673;264040675;264040677;264040679
photos:264040681;264040685;264040689;264040693;264040697;264040703;264040705;264040707;264040715;264040719
photos:264040725;264040737;264040739;264040743;264040745;264040749;264040753;264040755;264040757;264040759
photos:264040765;264040767;264040769;264040775;264040777;264040781;264040783;264040785;264040789;264040791
photos:264040799;264040809;264040811;264040815;264040817;264040825;264040827;264040829;264040831;264040833
photos:264040847;264040857;264040879;264040881;264040883;264040887;264040889;264040891;264040895;264040903
photos:264040925;264040927;264040931;264040933;264040965;264040979;264040991;264040993;264040997;264041003
photos:264041007;264041009;264041027;264041041;264041045;264041077;264041095;264041099;264041111;264041115
photos:264041117;264041119;264041123;264041137;264041139;264041147;264041149;264041167;264041185;264041189
photos:264041211;264041217;264041255;264041257;264041273;264041279;264041289;264041291;264041297;264041299
photos:264041325;264041329;264041351;264041357;264041359;264041373;264041389;264041405;264041413;264041423
photos:264041425;264041431;264041485;264041489;264041493;264041495;264041497;264041505;264041509;264041515
photos:264041563;264041573;264041575;264041589;264041591;264041597;264041599;264041605;264041607;264041611
photos:264041617;264041629;264041633;264041649;264041651;264041655;264041657;264041663;264041669;264041675
photos:264041681;264041683;264041695;264041705;264041707;264041709;264041729;264041741;264041743;264041745
photos:264041749;264041751;264041753;264041755;264041763;264041767;264041775;264041779;264041783;264041785
photos:264041787;264041789;264041791;264041793;264041805;264041809;264041813;264041821;264041825;264041827
photos:264041839;264041853;264041855;264041857;264041861;264041863;264041865;264041873;264041875;264041877
photos:264041879;264041887;264041893;264041897;264041899;264041901;264041905;264041915;264041917;264041919
photos:264041921;264041923;264041925;264041931;264041933;264041935;264041943;264041947;264041949;264041961
photos:264041967;264041971;264041987;264041997;264041999;264042001;264042003;264042009;264042011;264042015
photos:264042019;264042027;264042029;264042031;264042043;264042045;264042047;264042061;264042091;264042093
photos:264042095;264042097;264042101;264042107;264042109;264042111;264042115;264042119;264042139;264042147
photos:264042153;264042157;264042163;264042171;264042175;264042185;264042187;264042201;264042203;264042205
photos:264042207;264042215;264042223;264042225;264042227;264042239;264042243;264042251;264042253;264042255
photos:264042259;264042261;264042263;264042267;264042275;264042277;264042279;264042281;264042293;264042305
photos:264042311;264042315;264042319;264042325;264042333;264042335;264042349;264042353;264042355;264042359
photos:264042361;264042363;264042365;264042373;264042375;264042387;264042389;264042391;264042403;264042405
photos:264042419;264042423;264042435;264042443;264042445;264042447;264042451;264042455;264042459;264042461
photos:264042467;264042469;264042473;264042475;264042479;264042483;264042487;264042495;264042503;264042509
photos:264042513;264042515;264042517;264042523;264042525;264042539;264042555;264042563;264042565;264042569
photos:264042575;264042577;264042579;264042581;264042589;264042595;264042597;264042601;264042603;264042605
photos:264042609;264042617;264042621;264042625;264042627;264042629;264042633;264042635;264042639;264042643
photos:264042645;264042647;264042649;264042655;264042659;264042663;264042665;264042669;264042675;264042683
photos:264042685;264042687;264042689;264042693;264042695;264042699;264042701;264042703;264042705;264042707
photos:264042709;264042711;264042715;264042717;264042723;264042725;264042727;264042729;264042731;264042747
photos:264042749;264042751;264042759;264042767;264042777;264042779;264042781;264042785;264042787;264042793
photos:264042797;264042809;264042811;264042813;264042821;264042825;264042827;264042835;264042837;264042849
photos:264042859;264042861;264042863;264042865;264042869;264042871;264042883;264042885;264042887;264042891
photos:264042893;264042897;264042899;264042903;264042911;264042917;264042919;264042925;264042927;264042931
photos:264042935;264042945;264042947;264042949;264042951;264042957;264042971;264042973;264042977;264042983
photos:264042985;264042989;264042991;264042993;264042995;264042999;264043001;264043003;264043005;264043009
photos:264043011;264043025;264043033;264043035;264043041;264043047;264043049;264043051;264043073;264043077
photos:264043089;264043099;264043101;264043107;264043109;264043113;264043119;264043121;264043123;264043139
photos:264043149;264043151;264043157;264043159;264043167;264043169;264043173;264043175;264043177;264043181
photos:264043183;264043189;264043199;264043201;264043205;264043207;264043211;264043213;264043227;264043229
photos:264043231;264043235;264043237;264043249;264043253;264043255;264043265;264043269;264043273;264043281
photos:264043289;264043299;264043301;264043303;264043309;264043313;264043319;264043327;264043331;264043339
photos:264043343;264043347;264043349;264043355;264043361;264043363;264043367;264043369;264043371;264043379
photos:264043381;264043383;264043387;264043389;264043393;264043397;264043401;264043409;264043411;264043413
photos:264043427;264043429;264043431;264043433;264043435;264043439;264043443;264043445;264043449;264043451
photos:264043453;264043457;264043459;264043465;264043469;264043473;264043487;264043489;264043501;264043505
photos:264043519;264043525;264043527;264043529;264043531;264043535;264043537;264043549;264043553;264043555
photos:264043567;264043571;264043573;264043575;264043589;264043591;264043593;264043595;264043603;264043607
photos:264043611;264043613;264043615;264043625;264043627;264043633;264043641;264043643;264043645;264043647
photos:264043649;264043653;264043655;264043657;264043659;264043661;264043665;264043683;264043689;264043691
photos:264043695;264043697;264043703;264043705;264043709;264043713;264043715;264043717;264043727;264043729
photos:264043733;264043737;264043747;264043749;264043753;264043757;264043763;264043771;264043773;264043779
photos:264043787;264043789;264043791;264043799;264043801;264043807;264043811;264043813;264043819;264043831
photos:264043835;264043837;264043845;264043853;264043857;264043861;264043863;264043865;264043881;264043883
photos:264043895;264043897;264043901;264043903;264043913;264043921;264043929;264043935;264043939;264043943
photos:264043945;264043947;264043949;264043951;264043953;264043959;264043965;264043969;264043977;264043981
photos:264043983;264043985;264043987;264043991;264043997;264044003;264044007;264044009;264044021;264044033
photos:264044035;264044039;264044051;264044053;264044061;264044063;264044071;264044075;264044081;264044083
photos:264044093;264044097;264044105;264044123;264044145;264044149;264044153;264044157;264044165;264044169
photos:264044171;264044181;264044189;264044197;264044201;264044207;264044209;264044213;264044221;264044223
photos:264044225;264044227;264044229;264044235;264044261;264044301;264044305;264044307;264044309;264044321
photos:264044323;264044327;264044329;264044331;264044333;264044335;264044339;264044343;264044345;264044351
photos:264044357;264044359;264044363;264044365;264044369;264044377;264044379;264044383;264044385;264044387
photos:264044389;264044393;264044395;264044397;264044405;264044407;264044411;264044413;264044415;264044417
photos:264044419;264044421;264044427;264044429;264044437;264044439;264044441;264044445;264044453;264044455
photos:264044457;264044459;264044463;264044477;264044485;264044493;264044497;264044499;264044507;264044511
photos:264044515;264044517;264044519;264044521;264044525;264044527;264044533;264044535;264044541;264044543
photos:264044545;264044547;264044551;264044553;264044555;264044557;264044559;264044565;264044569;264044575
photos:264044577;264044579;264044583;264044593;264044605;264044607;264044611;264044615;264044617;264044633
photos:264044647;264044657;264044661;264044669;264044671;264044673;264044677;264044681;264044683;264044685
photos:264044687;264044689;264044691;264044693;264044697;264044703;264044705;264044707;264044709;264044711
photos:264044713;264044715;264044717;264044719;264044721;264044727;264044735;264044741;264044743;264044749
photos:264044755;264044771;264044785;264044791;264044793;264044801;264044803;264044813;264044817;264044819
photos:264044821;264044829;264044831;264044833;264044835;264044839;264044843;264044849;264044855;264044857
photos:264044859;264044891;264044893;264044895;264044901;264044913;264044915;264044919;264044925;264044933
photos:264044939;264044941;264044943;264044945;264044947;264044949;264044951;264044957;264044959;264044961
photos:264044965;264044969;264044973;264044983;264044985;264044987;264044989;264044995;264044997;264045001
photos:264045003;264045009;264045011;264045015;264045023;264045025;264045033;264045039;264045043;264045047
photos:264045051;264045055;264045057;264045059;264045061;264045065;264045067;264045073;264045075;264045079
photos:264045087;264045089;264045093;264045095;264045101;264045111;264045117;264045127;264045129;264045133
photos:264045139;264045141;264045143;264045149;264045153;264045155;264045157;264045167;264045169;264045171
photos:264045173;264045175;264045177;264045183;264045185;264045187;264045191;264045193;264045195;264045197
photos:264045199;264045205;264045207;264045213;264045215;264045221;264045227;264045229;264045231;264045237
photos:264045239;264045243;264045247;264045251;264045259;264045261;264045267;264045269;264045275;264045279
photos:264045285;264045287;264045293;264045295;264045301;264045303;264045313;264045321;264045325;264045327
photos:264045343;264045345;264045351;264045359;264045365;264045379;264045381;264045383;264045391;264045395
photos:264045417;264045421;264045435;264045439;264045443;264045447;264045451;264045457;264045459;264045463
photos:264045465;264045467;264045473;264045475;264045479;264045483;264045487;264045491;264045493;264045499
photos:264045501;264045503;264045509;264045517;264045519;264045521;264045523;264045525;264045533;264045537
photos:264045543;264045547;264045549;264045553;264045555;264045557;264045567;264045571;264045573;264045575
photos:264045577;264045581;264045583;264045587;264045593;264045597;264045607;264045609;264045611;264045613
photos:264045621;264045623;264045625;264045627;264045631;264045635;264045637;264045639;264045651;264045653
photos:264045659;264045661;264045663;264045665;264045677;264045687;264045691;264045705;264045709;264045711
photos:264045713;264045715;264045717;264045729;264045737;264045741;264045751;264045755;264045757;264045761
photos:264045763;264045767;264045769;264045775;264045777;264045781;264045783;264045785;264045795;264045809
photos:264045811;264045813;264045815;264045817;264045819;264045821;264045823;264045825;264045827;264045829
photos:264045833;264045835;264045837;264045839;264045841;264045843;264045847;264045849;264045851;264045861
photos:264045863;264045865;264045871;264045873;264045875;264045877;264045879;264045883;264045885;264045905
photos:264045909;264045911;264045913;264045915;264045917;264045919;264045933;264045935;264045937;264045945
photos:264045947;264045949;264045953;264045955;264045957;264045959;264045961;264045967;264045969;264045985
photos:264045993;264046009;264046017;264046037;264046045;264046047;264046049;264046073;264046075;264046079
photos:264046081;264046087;264046089;264046093;264046095;264046099;264046101;264046103;264046105;264046109
photos:264046111;264046115;264046117;264046121;264046123;264046125;264046127;264046129;264046133;264046135
photos:264046137;264046139;264046143;264046145;264046147;264046149;264046155;264046157;264046161;264046165
photos:264046169;264046177;264046183;264046189;264046205;264046221;264046225;264046227;264046229;264046231
photos:264046235;264046237;264046239;264046245;264046247;264046249;264046255;264046259;264046263;264046269
photos:264046271;264046279;264046283;264046289;264046315;264046321;264046325;264046327;264046335;264046337
photos:264046343;264046347;264046349;264046351;264046353;264046355;264046357;264046359;264046387;264046389
photos:264046391;264046393;264046395;264046401;264046405;264046421;264046423;264046425;264046427;264046429
photos:264046431;264046433;264046451;264046461;264046465;264046467;264046479;264046489;264046505;264046507
photos:264046515;264046521;264046531;264046535;264046537;264046541;264046545;264046547;264046553;264046555
photos:264046563;264046565;264046567;264046569;264046573;264046577;264046587;264046599;264046603;264046605
photos:264046609;264046613;264046615;264046617;264046619;264046621;264046629;264046631;264046633;264046637
photos:264046639;264046641;264046643;264046645;264046647;264046649;264046651;264046653;264046661;264046663
photos:264046671;264046675;264046677;264046679;264046681;264046685;264046691;264046693;264046695;264046697
photos:264046703;264046709;264046713;264046717;264046719;264046727;264046729;264046731;264046735;264046737
photos:264046739;264046749;264046751;264046757;264046759;264046763;264046777;264046783;264046785;264046789
photos:264046791;264046793;264046797;264046803;264046805;264046811;264046821;264046823;264046825;264046827
photos:264046837;264046839;264046841;264046845;264046847;264046849;264046853;264046855;264046857;264046861
photos:264046863;264046869;264046873;264046881;264046883;264046891;264046899;264046901;264046907;264046909
photos:264046911;264046929;264046937;264046941;264046947;264046951;264046955;264046963;264046969;264046985
photos:264046989;264046993;264046997;264047005;264047007;264047015;264047027;264047037;264047045;264047047
photos:264047049;264047051;264047053;264047057;264047069;264047071;264047085;264047087;264047089;264047101
photos:264047103;264047125;264047127;264047135;264047137;264047139;264047143;264047145;264047149;264047153
photos:264047159;264047161;264047165;264047175;264047179;264047181;264047185;264047191;264047199;264047201
photos:264047205;264047207;264047213;264047217;264047219;264047223;264047225;264047241;264047243;264047253
photos:264047257;264047263;264047265;264047273;264047275;264047279;264047283;264047289;264047291;264047295
photos:264047311;264047317;264047319;264047325;264047329;264047331;264047335;264047345;264047347;264047351
photos:264047363;264047365;264047367;264047369;264047375;264047377;264047381;264047383;264047387;264047389
photos:264047403;264047421;264047425;264047431;264047449;264047451;264047453;264047457;264047469;264047481
photos:264047483;264047489;264047493;264047495;264047501;264047507;264047509;264047513;264047519;264047525
photos:264047535;264047537;264047539;264047541;264047545;264047559;264047561;264047563;264047567;264047575
photos:264047577;264047583;264047591;264047601;264047607;264047613;264047629;264047671;264047673;264047679
photos:264047687;264047705;264047713;264047719;264047731;264047739;264047749;264047751;264047755;264047761
photos:264047777;264047781;264047783;264047801;264047803;264047809;264047821;264047823;264047829;264047831
photos:264047833;264047837;264047839;264047843;264047845;264047847;264047849;264047853;264047861;264047865
photos:264047867;264047871;264047875;264047877;264047885;264047889;264047893;264047899;264047903;264047915
photos:264047919;264047933;264047939;264047945;264047949;264047951;264047959;264047963;264047969;264047975
photos:264047977;264047981;264047985;264047989;264047991;264047993;264047995;264047999;264048015;264048017
photos:264048021;264048029;264048041;264048051;264048057;264048071;264048083;264048085;264048087;264048091
photos:264048095;264048101;264048105;264048109;264048111;264048125;264048127;264048129;264048141;264048149
photos:264048151;264048153;264048155;264048161;264048169;264048171;264048173;264048175;264048177;264048183
photos:264048193;264048195;264048197;264048201;264048209;264048213;264048233;264048235;264048241;264048249
photos:264048257;264048283;264048287;264048305;264048351;264048359;264048361;264048363;264048367;264048369
photos:264048371;264048387;264048433;264048437;264048441;264048443;264048449;264048453;264048457;264048463
photos:264048465;264048475;264048477;264048493;264048501;264048513;264048523;264048525;264048527;264048537
photos:264048545;264048547;264048549;264048559;264048575;264048583;264048591;264048607;264048627;264048637
photos:264048639;264048641;264048653;264048659;264048661;264048671;264048675;264048677;264048679;264048683
photos:264048689;264048693;264048703;264048705;264048713;264048715;264048719;264048721;264048723;264048727
photos:264048741;264048751;264048753;264048759;264048761;264048771;264048773;264048775;264048779;264048789
photos:264048791;264048795;264048809;264048819;264048821;264048823;264048829;264048853;264048857;264048861
photos:264048863;264048869;264048871;264048877;264048879;264048887;264048893;264048903;264048907;264048917
photos:264048925;264048929;264048935;264048937;264048941;264048953;264048959;264048977;264048987;264049015
photos:264049021;264049025;264049027;264049033;264049035;264049041;264049043;264049047;264049061;264049067
photos:264049075;264049077;264049089;264049095;264049097;264049103;264049105;264049107;264049119;264049125
photos:264049127;264049129;264049131;264049135;264049137;264049139;264049141;264049143;264049145;264049149
photos:264049153;264049157;264049161;264049163;264049165;264049167;264049169;264049171;264049173;264049175
photos:264049179;264049181;264049183;264049185;264049189;264049191;264049193;264049199;264049207;264049213
photos:264049215;264049231;264049239;264049243;264049247;264049251;264049253;264049255;264049257;264049259
photos:264049269;264049281;264049283;264049285;264049287;264049297;264049303;264049305;264049323;264049329
photos:264049339;264049353;264049355;264049359;264049361;264049371;264049379;264049383;264049389;264049391
photos:264049395;264049401;264049405;264049413;264049419;264049421;264049423;264049427;264049431;264049433
photos:264049441;264049445;264049461;264049463;264049469;264049471;264049477;264049479;264049485;264049489
photos:264049497;264049499;264049507;264049513;264049533;264049541;264049555;264049569;264049579;264049585
photos:264049619;264049623;264049633;264049639;264049641;264049643;264049645;264049647;264049649;264049657
photos:264049659;264049669;264049671;264049677;264049681;264049687;264049691;264049693;264049697;264049705
photos:264049707;264049713;264049715;264049719;264049721;264049723;264049725;264049727;264049729;264049733
photos:264049735;264049737;264049739;264049749;264049751;264049759;264049765;264049775;264049779;264049781
photos:264049783;264049787;264049791;264049793;264049797;264049803;264049807;264049819;264049827;264049829
photos:264049839;264049841;264049843;264049851;264049865;264049867;264049875;264049877;264049881;264049887
photos:264049891;264049903;264049909;264049911;264049919;264049921;264049925;264049927;264049929;264049931
photos:264049939;264049941;264049943;264049951;264049955;264049961;264049963;264049985;264049991;264050003
photos:264050017;264050019;264050023;264050025;264050031;264050039;264050041;264050047;264050055;264050057
photos:264050059;264050063;264050069;264050075;264050077;264050083;264050089;264050091;264050099;264050101
photos:264050113;264050123;264050125;264050131;264050135;264050143;264050145;264050151;264050157;264050163
photos:264050165;264050171;264050179;264050185;264050197;264050199;264050201;264050203;264050209;264050211
photos:264050215;264050217;264050227;264050231;264050233;264050237;264050239;264050241;264050243;264050245
photos:264050247;264050249;264050251;264050255;264050261;264050263;264050267;264050273;264050275;264050279
photos:264050281;264050285;264050287;264050289;264050291;264050305;264050309;264050311;264050315;264050317
photos:264050323;264050327;264050329;264050333;264050335;264050337;264050339;264050341;264050345;264050347
photos:264050349;264050359;264050361;264050363;264050367;264050377;264050381;264050391;264050393;264050395
photos:264050397;264050399;264050401;264050405;264050409;264050411;264050413;264050415;264050417;264050419
photos:264050425;264050431;264050443;264050455;264050459;264050461;264050463;264050465;264050469;264050471
photos:264050473;264050475;264050485;264050487;264050501;264050515;264050517;264050519;264050523;264050525
photos:264050529;264050531;264050545;264050553;264050561;264050567;264050577;264050585;264050591;264050601
photos:264050609;264050611;264050627;264050629;264050637;264050639;264050645;264050653;264050659;264050661
photos:264050667;264050669;264050671;264050675;264050677;264050683;264050695;264050699;264050701;264050705
photos:264050709;264050711;264050715;264050719;264050723;264050727;264050729;264050731;264050733;264050735
photos:264050749;264050751;264050753;264050761;264050765;264050767;264050771;264050777;264050783;264050787
photos:264050791;264050811;264050817;264050819;264050823;264050825;264050827;264050839;264050849;264050851
photos:264050853;264050855;264050865;264050869;264050871;264050877;264050879;264050883;264050887;264050889
photos:264050899;264050903;264050913;264050915;264050921;264050923;264050925;264050927;264050943;264050945
photos:264050949;264050953;264050961;264050963;264050965;264050969;264050973;264050975;264050989;264050991
photos:264050993;264051001;264051007;264051011;264051013;264051019;264051027;264051031;264051041;264051051
photos:264051053;264051057;264051061;264051063;264051065;264051077;264051081;264051087;264051089;264051091
photos:264051093;264051101;264051103;264051105;264051107;264051109;264051111;264051113;264051115;264051119
photos:264051121;264051131;264051145;264051147;264051149;264051151;264051157;264051159;264051161;264051163
photos:264051167;264051169;264051171;264051173;264051177;264051179;264051185;264051189;264051193;264051195
photos:264051197;264051199;264051203;264051207;264051211;264051217;264051219;264051225;264051227;264051229
photos:264051233;264051241;264051245;264051247;264051249;264051251;264051259;264051261;264051263;264051265
photos:264051269;264051277;264051281;264051293;264051295;264051301;264051305;264051307;264051311;264051313
photos:264051317;264051325;264051327;264051339;264051347;264051349;264051357;264051359;264051367;264051373
photos:264051387;264051389;264051401;264051411;264051413;264051417;264051419;264051425;264051427;264051431
photos:264051433;264051435;264051437;264051441;264051443;264051445;264051449;264051451;264051457;264051467
photos:264051481;264051485;264051487;264051489;264051493;264051495;264051497;264051499;264051501;264051503
photos:264051505;264051509;264051511;264051517;264051519;264051523;264051527;264051531;264051533;264051535
photos:264051537;264051539;264051541;264051543;264051545;264051551;264051557;264051559;264051563;264051567
photos:264051569;264051571;264051583;264051585;264051587;264051601;264051605;264051609;264051611;264051617
photos:264051619;264051621;264051623;264051625;264051629;264051633;264051639;264051641;264051645;264051647
photos:264051649;264051653;264051655;264051659;264051661;264051683;264051685;264051687;264051689;264051691
photos:264051695;264051701;264051703;264051705;264051707;264051715;264051717;264051721;264051723;264051725
photos:264051727;264051731;264051733;264051735;264051737;264051739;264051741;264051747;264051749;264051751
photos:264051753;264051755;264051757;264051759;264051763;264051765;264051767;264051771;264051777;264051783
photos:264051789;264051791;264051795;264051797;264051799;264051801;264051805;264051807;264051809;264051813
photos:264051815;264051817;264051819;264051825;264051827;264051829;264051837;264051841;264051843;264051845
photos:264051847;264051849;264051851;264051853;264051855;264051857;264051865;264051869;264051873;264051877
photos:264051889;264051891;264051893;264051895;264051897;264051903;264051911;264051913;264051917;264051919
photos:264051923;264051927;264051929;264051931;264051939;264051941;264051943;264051945;264051947;264051949
photos:264051959;264051963;264051967;264051969;264051971;264051973;264051979;264051981;264051987;264051995
photos:264052003;264052007;264052009;264052011;264052013;264052015;264052031;264052033;264052051;264052053
photos:264052055;264052065;264052067;264052069;264052071;264052075;264052081;264052085;264052087;264052091
photos:264052093;264052095;264052097;264052099;264052101;264052103;264052105;264052107;264052109;264052111
photos:264052115;264052119;264052121;264052123;264052131;264052135;264052143;264052145;264052151;264052153
photos:264052155;264052159;264052163;264052167;264052171;264052173;264052177;264052181;264052183;264052185
photos:264052187;264052189;264052191;264052199;264052201;264052203;264052205;264052207;264052209;264052213
photos:264052215;264052219;264052221;264052229;264052233;264052235;264052247;264052249;264052255;264052259
photos:264052263;264052269;264052277;264052287;264052289;264052291;264052293;264052299;264052305;264052307
photos:264052311;264052313;264052317;264052319;264052323;264052329;264052333;264052337;264052347;264052351
photos:264052359;264052363;264052369;264052373;264052415;264052425;264052429;264052431;264052433;264052437
photos:264052443;264052445;264052455;264052471;264052489;264052517;264052519;264052521;264052523;264052527
photos:264052535;264052537;264052539;264052543;264052547;264052549;264052551;264052579;264052581;264052583
photos:264052585;264052593;264052597;264052601;264052605;264052613;264052619;264052621;264052623;264052639
photos:264052643;264052651;264052653;264052665;264052669;264052671;264052675;264052677;264052679;264052685
photos:264052687;264052691;264052695;264052703;264052707;264052713;264052717;264052727;264052731;264052735
photos:264052739;264052741;264052743;264052745;264052747;264052751;264052753;264052755;264052771;264052773
photos:264052779;264052787;264052791;264052799;264052801;264052805;264052807;264052811;264052817;264052819
photos:264052823;264052837;264052843;264052845;264052855;264052859;264052863;264052865;264052867;264052875
photos:264052879;264052887;264052891;264052895;264052899;264052903;264052905;264052909;264052911;264052915
photos:264052921;264052923;264052935;264052939;264052941;264052947;264052951;264052953;264052957;264052963
photos:264052965;264052971;264052973;264052979;264052983;264052985;264052989;264052993;264052995;264053015
photos:264053019;264053027;264053031;264053039;264053043;264053045;264053047;264053053;264053059;264053083
photos:264053089;264053091;264053095;264053097;264053099;264053103;264053105;264053107;264053109;264053113
photos:264053119;264053121;264053123;264053125;264053133;264053135;264053141;264053145;264053147;264053155
photos:264053159;264053183;264053185;264053187;264053189;264053193;264053227;264053229;264053231;264053237
photos:264053239;264053243;264053247;264053249;264053255;264053257;264053261;264053321;264053329;264053331
photos:264053333;264053337;264053341;264053345;264053347;264053351;264053357;264053359;264053363;264053367
photos:264053369;264053373;264053377;264053379;264053381;264053385;264053389;264053391;264053397;264053407
photos:264053409;264053411;264053421;264053423;264053431;264053441;264053443;264053445;264053451;264053455
photos:264053457;264053465;264053469;264053473;264053481;264053483;264053485;264053487;264053493;264053495
photos:264053497;264053501;264053503;264053505;264053507;264053509;264053513;264053515;264053519;264053525
photos:264053527;264053529;264053535;264053537;264053539;264053545;264053547;264053549;264053551;264053553
photos:264053557;264053569;264053573;264053577;264053581;264053585;264053587;264053589;264053591;264053593
photos:264053599;264053603;264053605;264053607;264053617;264053621;264053627;264053631;264053635;264053637
photos:264053639;264053641;264053653;264053659;264053663;264053671;264053673;264053679;264053685;264053703
photos:264053717;264053719;264053721;264053749;264053751;264053753;264053755;264053757;264053765;264053769
photos:264053771;264053773;264053777;264053781;264053785;264053787;264053791;264053795;264053797;264053803
photos:264053807;264053809;264053823;264053827;264053833;264053835;264053849;264053851;264053857;264053863
photos:264053865;264053867;264053871;264053873;264053879;264053883;264053885;264053887;264053889;264053891
photos:264053893;264053895;264053899;264053901;264053905;264053907;264053915;264053919;264053921;264053927
photos:264053929;264053935;264053937;264053939;264053951;264053955;264053957;264053959;264053963;264053965
photos:264053967;264053977;264053981;264053983;264053987;264053989;264053995;264053999;264054001;264054005
photos:264054009;264054011;264054023;264054025;264054037;264054041;264054043;264054045;264054047;264054055
photos:264054057;264054059;264054073;264054075;264054083;264054085;264054095;264054097;264054107;264054117
photos:264054119;264054121;264054123;264054127;264054139;264054145;264054147;264054157;264054159;264054161
photos:264054165;264054167;264054169;264054173;264054175;264054177;264054179;264054183;264054193;264054197
photos:264054209;264054219;264054259;264054267;264054275;264054287;264054289;264054295;264054297;264054301
photos:264054305;264054307;264054309;264054313;264054315;264054327;264054335;264054337;264054341;264054343
photos:264054361;264054367;264054369;264054371;264054375;264054377;264054387;264054393;264054397;264054399
photos:264054401;264054403;264054405;264054407;264054415;264054419;264054425;264054431;264054437;264054439
photos:264054441;264054447;264054449;264054453;264054455;264054457;264054469;264054473;264054475;264054477
photos:264054479;264054481;264054483;264054487;264054491;264054501;264054505;264054507;264054511;264054515
photos:264054525;264054531;264054533;264054535;264054537;264054543;264054547;264054551;264054553;264054565
photos:264054567;264054575;264054577;264054583;264054587;264054589;264054593;264054595;264054597;264054599
photos:264054601;264054603;264054607;264054609;264054613;264054617;264054619;264054621;264054625;264054629
photos:264054633;264054635;264054637;264054641;264054645;264054647;264054649;264054651;264054653;264054655
photos:264054659;264054665;264054667;264054669;264054675;264054677;264054679;264054683;264054691;264054693
photos:264054695;264054697;264054701;264054707;264054709;264054713;264054715;264054717;264054729;264054735
photos:264054737;264054739;264054741;264054745;264054747;264054749;264054755;264054757;264054759;264054771
photos:264054775;264054777;264054779;264054781;264054787;264054789;264054791;264054807;264054809;264054811
photos:264054839;264054841;264054843;264054845;264054847;264054849;264054853;264054857;264054869;264054875
photos:264054879;264054885;264054889;264054891;264054893;264054901;264054903;264054905;264054913;264054931
photos:264054947;264054961;264054963;264054967;264054969;264054975;264054979;264054981;264054983;264054987
photos:264054995;264054997;264054999;264055003;264055005;264055007;264055023;264055025;264055027;264055029
photos:264055033;264055037;264055039;264055041;264055043;264055045;264055053;264055055;264055059;264055069
photos:264055073;264055083;264055085;264055095;264055103;264055115;264055117;264055123;264055127;264055129
photos:264055135;264055149;264055153;264055161;264055163;264055165;264055175;264055179;264055183;264055187
photos:264055189;264055193;264055203;264055205;264055211;264055215;264055219;264055221;264055225;264055227
photos:264055229;264055235;264055237;264055239;264055241;264055245;264055249;264055257;264055263;264055267
photos:264055271;264055273;264055277;264055279;264055297;264055299;264055301;264055319;264055335;264055337
photos:264055339;264055343;264055345;264055351;264055353;264055355;264055357;264055361;264055367;264055369
photos:264055371;264055373;264055375;264055385;264055391;264055393;264055407;264055423;264055425;264055427
photos:264055429;264055441;264055443;264055445;264055447;264055451;264055453;264055459;264055473;264055475
photos:264055483;264055485;264055487;264055489;264055491;264055493;264055495;264055505;264055515;264055517
photos:264055519;264055531;264055537;264055543;264055547;264055553;264055559;264055575;264055579;264055587
photos:264055589;264055591;264055593;264055595;264055603;264055607;264055611;264055617;264055621;264055623
photos:264055633;264055635;264055637;264055645;264055647;264055649;264055653;264055659;264055663;264055673
photos:264055683;264055689;264055713;264055717;264055719;264055721;264055723;264055727;264055733;264055741
photos:264055749;264055753;264055769;264055771;264055773;264055775;264055779;264055785;264055791;264055793
photos:264055795;264055797;264055811;264055815;264055817;264055827;264055831;264055833;264055837;264055845
photos:264055851;264055853;264055857;264055861;264055863;264055865;264055867;264055873;264055875;264055881
photos:264055889;264055893;264055895;264055899;264055901;264055903;264055905;264055909;264055911;264055913
photos:264055915;264055921;264055923;264055927;264055929;264055935;264055937;264055943;264055951;264055955
photos:264055961;264055963;264055967;264055977;264055991;264055997;264056001;264056007;264056009;264056017
photos:264056021;264056025;264056027;264056029;264056033;264056039;264056045;264056053;264056057;264056061
photos:264056065;264056069;264056073;264056083;264056087;264056091;264056095;264056101;264056103;264056119
photos:264056161;264056167;264056171;264056175;264056177;264056191;264056195;264056197;264056203;264056205
photos:264056217;264056219;264056221;264056225;264056227;264056231;264056233;264056235;264056239;264056241
photos:264056243;264056251;264056253;264056259;264056263;264056269;264056275;264056279;264056285;264056287
photos:264056289;264056295;264056297;264056301;264056303;264056309;264056325;264056331;264056333;264056335
photos:264056353;264056359;264056363;264056365;264056367;264056369;264056371;264056379;264056383;264056391
photos:264056393;264056399;264056405;264056409;264056413;264056419;264056421;264056423;264056425;264056427
photos:264056429;264056431;264056433;264056435;264056437;264056443;264056449;264056451;264056453;264056457
photos:264056459;264056461;264056463;264056469;264056471;264056479;264056483;264056489;264056493;264056495
photos:264056511;264056515;264056517;264056519;264056525;264056529;264056535;264056549;264056553;264056561
photos:264056569;264056575;264056577;264056579;264056581;264056583;264056585;264056587;264056589;264056591
photos:264056593;264056595;264056597;264056605;264056609;264056619;264056621;264056623;264056625;264056627
photos:264056629;264056631;264056633;264056637;264056639;264056641;264056645;264056647;264056649;264056651
photos:264056653;264056655;264056657;264056669;264056671;264056675;264056679;264056681;264056683;264056685
photos:264056689;264056691;264056699;264056701;264056707;264056709;264056713;264056715;264056717;264056719
photos:264056721;264056723;264056725;264056727;264056729;264056731;264056735;264056737;264056739;264056741
photos:264056743;264056745;264056751;264056753;264056755;264056757;264056759;264056761;264056777;264056785
photos:264056787;264056791;264056803;264056805;264056807;264056811;264056817;264056819;264056821;264056827
photos:264056835;264056837;264056839;264056841;264056843;264056845;264056849;264056855;264056857;264056859
photos:264056861;264056865;264056867;264056873;264056883;264056885;264056889;264056897;264056903;264056913
photos:264056925;264056935;264056937;264056943;264056945;264056953;264056955;264056957;264056959;264056961
photos:264056963;264056969;264056973;264056975;264056977;264056981;264056983;264056991;264056993;264056997
photos:264057005;264057013;264057015;264057017;264057019;264057023;264057033;264057047;264057053;264057063
photos:264057065;264057077;264057087;264057097;264057101;264057107;264057117;264057133;264057151;264057153
photos:264057155;264057159;264057161;264057163;264057171;264057173;264057175;264057177;264057181;264057189
photos:264057213;264057215;264057223;264057227;264057231;264057241;264057247;264057253;264057261;264057279
photos:264057281;264057285;264057295;264057297;264057299;264057301;264057309;264057313;264057321;264057327
photos:264057333;264057339;264057343;264057353;264057355;264057357;264057359;264057371;264057375;264057379
photos:264057387;264057395;264057397;264057401;264057405;264057409;264057423;264057427;264057429;264057431
photos:264057437;264057443;264057447;264057449;264057457;264057459;264057461;264057469;264057471;264057477
photos:264057481;264057485;264057487;264057491;264057493;264057495;264057503;264057505;264057507;264057509
photos:264057511;264057531;264057535;264057539;264057541;264057545;264057555;264057569;264057571;264057573
photos:264057577;264057579;264057611;264057615;264057621;264057629;264057637;264057639;264057641;264057643
photos:264057647;264057651;264057653;264057655;264057657;264057659;264057661;264057663;264057665;264057671
photos:264057673;264057677;264057679;264057685;264057687;264057693;264057695;264057697;264057707;264057713
photos:264057721;264057723;264057731;264057735;264057739;264057741;264057743;264057745;264057753;264057767
photos:264057769;264057773;264057775;264057777;264057781;264057791;264057793;264057811;264057819;264057821
photos:264057837;264057841;264057843;264057847;264057849;264057853;264057857;264057863;264057867;264057869
photos:264057877;264057879;264057895;264057907;264057921;264057943;264057947;264057961;264057979;264057981
photos:264057985;264058003;264058009;264058015;264058021;264058025;264058027;264058029;264058035;264058037
photos:264058041;264058047;264058051;264058055;264058057;264058061;264058071;264058073;264058077;264058079
photos:264058081;264058083;264058095;264058097;264058101;264058103;264058105;264058107;264058109;264058113
photos:264058115;264058119;264058121;264058123;264058125;264058127;264058131;264058135;264058139;264058141
photos:264058145;264058147;264058163;264058167;264058169;264058185;264058191;264058197;264058199;264058201
photos:264058213;264058223;264058225;264058227;264058233;264058235;264058241;264058243;264058251;264058253
photos:264058257;264058261;264058263;264058265;264058269;264058279;264058283;264058285;264058291;264058293
photos:264058295;264058301;264058307;264058309;264058311;264058321;264058325;264058331;264058333;264058335
photos:264058339;264058345;264058347;264058355;264058357;264058363;264058365;264058369;264058373;264058383
photos:264058387;264058389;264058401;264058405;264058407;264058409;264058415;264058417;264058421;264058423
photos:264058427;264058439;264058441;264058445;264058447;264058449;264058451;264058453;264058455;264058463
photos:264058465;264058479;264058481;264058487;264058493;264058495;264058497;264058503;264058509;264058513
photos:264058517;264058525;264058527;264058533;264058537;264058539;264058549;264058555;264058565;264058571
photos:264058575;264058577;264058589;264058591;264058593;264058609;264058621;264058623;264058625;264058637
photos:264058639;264058641;264058643;264058645;264058659;264058667;264058669;264058687;264058693;264058695
photos:264058699;264058701;264058703;264058709;264058715;264058717;264058719;264058729;264058733;264058735
photos:264058745;264058749;264058751;264058761;264058769;264058773;264058789;264058791;264058799;264058807
photos:264058811;264058815;264058823;264058825;264058833;264058837;264058841;264058843;264058847;264058849
photos:264058851;264058853;264058855;264058865;264058867;264058871;264058875;264058883;264058895;264058897
photos:264058899;264058905;264058909;264058915;264058917;264058921;264058927;264058929;264058931;264058941
photos:264058943;264058945;264058953;264058955;264058961;264058963;264058965;264058967;264058973;264058977
photos:264058981;264058983;264058987;264058997;264059003;264059005;264059011;264059027;264059031;264059035
photos:264059043;264059047;264059063;264059067;264059077;264059083;264059085;264059087;264059089;264059093
photos:264059103;264059111;264059117;264059119;264059123;264059133;264059137;264059143;264059145;264059153
photos:264059161;264059167;264059171;264059177;264059179;264059181;264059185;264059193;264059195;264059201
photos:264059207;264059215;264059223;264059243;264059251;264059253;264059255;264059257;264059261;264059265
photos:264059281;264059289;264059297;264059299;264059305;264059307;264059315;264059317;264059321;264059323
photos:264059325;264059329;264059331;264059335;264059337;264059339;264059341;264059347;264059349;264059363
photos:264059377;264059379;264059395;264059397;264059399;264059401;264059403;264059407;264059411;264059419
photos:264059423;264059433;264059435;264059437;264059439;264059443;264059455;264059459;264059461;264059473
photos:264059477;264059479;264059481;264059485;264059501;264059503;264059505;264059507;264059525;264059555
photos:264059563;264059569;264059571;264059577;264059579;264059583;264059587;264059589;264059591;264059597
photos:264059601;264059607;264059609;264059611;264059615;264059629;264059637;264059639;264059645;264059651
photos:264059653;264059657;264059661;264059663;264059671;264059677;264059681;264059683;264059685;264059687
photos:264059689;264059697;264059709;264059711;264059717;264059723;264059737;264059739;264059741;264059745
photos:264059751;264059753;264059757;264059759;264059761;264059765;264059769;264059773;264059775;264059777
photos:264059779;264059781;264059785;264059789;264059791;264059793;264059795;264059799;264059813;264059815
photos:264059821;264059823;264059827;264059839;264059845;264059851;264059855;264059865;264059867;264059869
photos:264059873;264059877;264059895;264059899;264059901;264059907;264059915;264059917;264059919;264059921
photos:264059923;264059929;264059931;264059935;264059937;264059943;264059945;264059953;264059965;264059971
photos:264059977;264059979;264060007;264060009;264060013;264060015;264060021;264060023;264060043;264060045
photos:264060049;264060051;264060057;264060059;264060061;264060063;264060071;264060073;264060075;264060077
photos:264060079;264060081;264060087;264060089;264060091;264060097;264060109;264060111;264060113;264060119
photos:264060129;264060135;264060137;264060143;264060145;264060163;264060165;264060175;264060191;264060193
photos:264060195;264060205;264060207;264060209;264060219;264060221;264060223;264060225;264060231;264060233
photos:264060237;264060243;264060245;264060247;264060249;264060251;264060253;264060255;264060257;264060259
photos:264060261;264060263;264060269;264060271;264060273;264060279;264060285;264060291;264060295;264060297
photos:264060299;264060305;264060319;264060323;264060341;264060345;264060347;264060349;264060359;264060365
photos:264060371;264060375;264060383;264060387;264060389;264060393;264060405;264060407;264060409;264060411
photos:264060415;264060419;264060421;264060427;264060433;264060437;264060445;264060447;264060451;264060461
photos:264060465;264060471;264060473;264060481;264060483;264060491;264060495;264060499;264060501;264060503
photos:264060507;264060511;264060513;264060521;264060523;264060527;264060531;264060543;264060547;264060553
photos:264060555;264060561;264060563;264060571;264060575;264060577;264060585;264060587;264060589;264060591
photos:264060595;264060597;264060601;264060603;264060609;264060611;264060619;264060623;264060625;264060643
photos:264060645;264060649;264060653;264060659;264060667;264060669;264060679;264060683;264060689;264060703
photos:264060707;264060709;264060715;264060717;264060725;264060727;264060733;264060741;264060761;264060771
photos:264060775;264060783;264060787;264060789;264060793;264060795;264060797;264060805;264060815;264060819
photos:264060825;264060829;264060831;264060833;264060835;264060837;264060841;264060849;264060865;264060871
photos:264060873;264060875;264060877;264060885;264060889;264060893;264060907;264060919;264060929;264060935
photos:264060937;264060941;264060945;264060947;264060951;264060953;264060955;264060969;264060971;264060973
photos:264060975;264060977;264060979;264060985;264060987;264060993;264060995;264061003;264061005;264061007
photos:264061009;264061011;264061015;264061019;264061023;264061025;264061027;264061029;264061033;264061043
photos:264061045;264061047;264061049;264061051;264061061;264061065;264061069;264061071;264061073;264061077
photos:264061081;264061083;264061085;264061093;264061099;264061103;264061107;264061109;264061111;264061113
photos:264061117;264061119;264061137;264061139;264061141;264061147;264061153;264061155;264061163;264061167
photos:264061173;264061181;264061183;264061187;264061189;264061191;264061197;264061199;264061203;264061205
photos:264061209;264061217;264061219;264061221;264061227;264061231;264061235;264061237;264061241;264061245
photos:264061251;264061257;264061259;264061261;264061263;264061279;264061285;264061287;264061289;264061293
photos:264061301;264061307;264061309;264061311;264061313;264061315;264061317;264061325;264061327;264061329
photos:264061331;264061335;264061337;264061339;264061351;264061357;264061361;264061363;264061367;264061369
photos:264061371;264061373;264061375;264061399;264061423;264061429;264061433;264061437;264061439;264061451
photos:264061457;264061459;264061461;264061473;264061485;264061493;264061495;264061503;264061505;264061507
photos:264061513;264061515;264061519;264061525;264061527;264061529;264061531;264061539;264061541;264061555
photos:264061557;264061561;264061563;264061565;264061569;264061571;264061575;264061577;264061581;264061587
photos:264061589;264061595;264061597;264061601;264061603;264061611;264061617;264061621;264061623;264061625
photos:264061629;264061631;264061641;264061643;264061663;264061741;264061801;264061805;264061807;264061809
photos:264061873;264061887;264061891;264061893;264061899;264061903;264061911;264061917;264061919;264061923
photos:264061927;264061929;264061931;264061935;264061941;264061947;264061953;264061959;264061965;264061969
photos:264061977;264061979;264061993;264061997;264062003;264062007;264062009;264062017;264062021;264062035
photos:264062037;264062041;264062059;264062071;264062073;264062077;264062081;264062085;264062089;264062099
photos:264062101;264062103;264062109;264062111;264062113;264062119;264062127;264062133;264062145;264062147
photos:264062165;264062167;264062169;264062185;264062195;264062199;264062201;264062207;264062209;264062211
photos:264062217;264062221;264062227;264062231;264062245;264062251;264062253;264062261;264062263;264062269
photos:264062275;264062281;264062289;264062301;264062309;264062311;264062319;264062325;264062329;264062331
photos:264062335;264062339;264062349;264062351;264062361;264062365;264062369;264062373;264062379;264062381
photos:264062383;264062385;264062389;264062393;264062399;264062409;264062413;264062417;264062431;264062433
photos:264062437;264062439;264062441;264062443;264062447;264062455;264062457;264062459;264062487;264062493
photos:264062497;264062507;264062509;264062517;264062527;264062537;264062541;264062543;264062549;264062555
photos:264062559;264062563;264062569;264062573;264062577;264062591;264062595;264062599;264062603;264062607
photos:264062617;264062621;264062627;264062629;264062641;264062643;264062649;264062653;264062655;264062665
photos:264062673;264062681;264062683;264062691;264062697;264062713;264062717;264062729;264062731;264062733
photos:264062741;264062743;264062745;264062751;264062755;264062771;264062777;264062785;264062791;264062793
photos:264062801;264062805;264062813;264062815;264062817;264062821;264062827;264062829;264062831;264062835
photos:264062837;264062839;264062843;264062849;264062853;264062855;264062859;264062863;264062865;264062873
photos:264062881;264062883;264062887;264062897;264062899;264062901;264062913;264062915;264062929;264062931
photos:264062935;264062939;264062943;264062949;264062951;264062953;264062961;264062963;264062967;264062999
photos:264063031;264063123;264063133;264063137;264063155;264063157;264063165;264063185;264063199;264063299
photos:264063301;264063309;264063313;264063317;264063323;264063337;264063347;264063349;264063351;264063355
photos:264063359;264063371;264063375;264063379;264063385;264063395;264063399;264063413;264063415;264063417
photos:264063423;264063429;264063439;264063447;264063449;264063455;264063457;264063459;264063461;264063471
photos:264063479;264063481;264063483;264063495;264063501;264063507;264063509;264063511;264063515;264063519
photos:264063521;264063529;264063531;264063533;264063539;264063543;264063545;264063555;264063557;264063563
photos:264063567;264063573;264063575;264063577;264063579;264063581;264063585;264063591;264063595;264063601
photos:264063603;264063607;264063611;264063613;264063617;264063641;264063645;264063655;264063661;264063665
photos:264063673;264063677;264063679;264063681;264063683;264063685;264063687;264063691;264063695;264063699
photos:264063703;264063707;264063709;264063711;264063713;264063717;264063719;264063721;264063725;264063727
photos:264063729;264063731;264063737;264063739;264063741;264063745;264063755;264063757;264063759;264063761
photos:264063767;264063769;264063771;264063775;264063779;264063787;264063789;264063791;264063803;264063805
photos:264063809;264063821;264063823;264063831;264063833;264063839;264063841;264063843;264063845;264063847
photos:264063849;264063853;264063855;264063857;264063871;264063873;264063879;264063891;264063895;264063917
photos:264063919;264063923;264063925;264063931;264063939;264063943;264063953;264063955;264063957;264063959
photos:264063961;264063963;264063965;264063967;264063969;264063971;264063973;264063993;264063997;264064005
photos:264064007;264064011;264064015;264064017;264064019;264064023;264064031;264064035;264064039;264064041
photos:264064045;264064047;264064049;264064051;264064057;264064067;264064071;264064079;264064081;264064095
photos:264064101;264064103;264064105;264064109;264064115;264064117;264064121;264064125;264064131;264064139
photos:264064141;264064143;264064145;264064149;264064155;264064159;264064161;264064163;264064165;264064169
photos:264064171;264064185;264064187;264064189;264064199;264064201;264064207;264064209;264064211;264064213
photos:264064217;264064227;264064229;264064235;264064237;264064239;264064241;264064247;264064271;264064279
photos:264064299;264064303;264064305;264064309;264064323;264064327;264064331;264064333;264064335;264064339
photos:264064347;264064351;264064353;264064355;264064357;264064359;264064361;264064363;264064365;264064399
photos:264064401;264064403;264064405;264064407;264064409;264064421;264064423;264064425;264064429;264064431
photos:264064435;264064437;264064439;264064441;264064443;264064451;264064453;264064455;264064459;264064469
photos:264064473;264064481;264064485;264064489;264064491;264064495;264064501;264064505;264064507;264064513
photos:264064515;264064533;264064537;264064543;264064545;264064547;264064549;264064555;264064559;264064563
photos:264064565;264064567;264064573;264064581;264064585;264064589;264064591;264064595;264064597;264064599
photos:264064601;264064605;264064607;264064609;264064621;264064633;264064645;264064651;264064655;264064657
photos:264064659;264064667;264064669;264064671;264064673;264064675;264064681;264064687;264064705;264064707
photos:264064715;264064717;264064721;264064723;264064735;264064737;264064749;264064751;264064755;264064759
photos:264064763;264064775;264064791;264064795;264064797;264064811;264064827;264064855;264064859;264064863
photos:264064865;264064883;264064893;264064903;264064905;264064909;264064911;264064913;264064915;264064921
photos:264064923;264064939;264064951;264064955;264064957;264064959;264064961;264064963;264064967;264064971
photos:264064977;264064979;264064983;264064985;264064991;264064995;264064997;264065003;264065007;264065011
photos:264065023;264065029;264065035;264065037;264065039;264065045;264065051;264065059;264065063;264065065
photos:264065071;264065083;264065087;264065089;264065091;264065097;264065109;264065115;264065137;264065141
photos:264065145;264065147;264065157;264065161;264065179;264065181;264065183;264065187;264065191;264065201
photos:264065209;264065211;264065223;264065229;264065231;264065239;264065249;264065251;264065257;264065263
photos:264065265;264065269;264065271;264065273;264065277;264065281;264065283;264065285;264065287;264065293
photos:264065297;264065303;264065305;264065307;264065309;264065313;264065319;264065321;264065323;264065329
photos:264065333;264065335;264065341;264065347;264065349;264065353;264065355;264065371;264065407;264065425
photos:264065429;264065431;264065439;264065443;264065449;264065451;264065457;264065463;264065467;264065471
photos:264065505;264065515;264065517;264065521;264065529;264065537;264065547;264065549;264065561;264065565
photos:264065567;264065571;264065573;264065575;264065577;264065583;264065591;264065603;264065605;264065613
photos:264065617;264065623;264065625;264065629;264065631;264065633;264065637;264065639;264065643;264065645
photos:264065649;264065653;264065659;264065663;264065669;264065675;264065677;264065683;264065687;264065691
photos:264065693;264065695;264065699;264065701;264065703;264065705;264065709;264065711;264065715;264065717
photos:264065725;264065731;264065737;264065741;264065743;264065747;264065751;264065753;264065755;264065759
photos:264065771;264065775;264065777;264065779;264065781;264065791;264065793;264065795;264065801;264065805
photos:264065811;264065817;264065821;264065825;264065827;264065829;264065847;264065849;264065863;264065867
photos:264065877;264065881;264065883;264065885;264065887;264065893;264065903;264065913;264065915;264065919
photos:264065921;264065925;264065927;264065931;264065937;264065947;264065955;264065957;264065959;264065961
photos:264065969;264065975;264065977;264065981;264065983;264065987;264065989;264065993;264065999;264066001
photos:264066007;264066011;264066013;264066015;264066017;264066019;264066027;264066029;264066031;264066033
photos:264066035;264066041;264066043;264066045;264066047;264066055;264066057;264066061;264066065;264066067
photos:264066069;264066073;264066077;264066079;264066081;264066083;264066085;264066087;264066093;264066095
photos:264066097;264066103;264066109;264066111;264066117;264066119;264066121;264066131;264066133;264066135
photos:264066137;264066147;264066157;264066163;264066167;264066175;264066177;264066181;264066183;264066185
photos:264066187;264066195;264066199;264066201;264066203;264066205;264066219;264066227;264066233;264066239
photos:264066249;264066253;264066255;264066259;264066261;264066263;264066267;264066273;264066275;264066281
photos:264066283;264066287;264066297;264066301;264066303;264066305;264066309;264066311;264066315;264066323
photos:264066329;264066331;264066333;264066341;264066345;264066349;264066351;264066355;264066357;264066359
photos:264066373;264066375;264066377;264066385;264066427;264066433;264066447;264066449;264066451;264066469
photos:264066473;264066485;264066489;264066501;264066505;264066511;264066513;264066519;264066527;264066533
photos:264066535;264066543;264066547;264066549;264066565;264066569;264066571;264066575;264066583;264066591
photos:264066597;264066601;264066603;264066609;264066613;264066633;264066635;264066637;264066639;264066641
photos:264066643;264066647;264066649;264066651;264066663;264066677;264066679;264066691;264066697;264066699
photos:264066705;264066707;264066709;264066711;264066743;264066745;264066755;264066757;264066767;264066769
photos:264066787;264066795;264066797;264066803;264066815;264066817;264066819;264066821;264066829;264066847
photos:264066855;264066857;264066863;264066893;264066895;264066901;264066913;264066917;264066927;264066939
photos:264066945;264066961;264066973;264066987;264066991;264067001;264067003;264067005;264067009;264067011
photos:264067017;264067023;264067029;264067035;264067037;264067039;264067043;264067045;264067047;264067053
photos:264067057;264067061;264067069;264067085;264067087;264067093;264067097;264067117;264067119;264067123
photos:264067131;264067133;264067147;264067149;264067155;264067175;264067179;264067195;264067207;264067209
photos:264067223;264067227;264067231;264067233;264067235;264067237;264067243;264067245;264067247;264067257
photos:264067265;264067285;264067291;264067295;264067299;264067301;264067307;264067309;264067321;264067345
photos:264067349;264067365;264067371;264067373;264067375;264067377;264067399;264067401;264067413;264067423
photos:264067425;264067429;264067437;264067463;264067467;264067471;264067473;264067477;264067479;264067491
photos:264067493;264067517;264067523;264067551;264067553;264067557;264067559;264067563;264067565;264067571
photos:264067575;264067585;264067603;264067605;264067627;264067637;264067645;264067647;264067659;264067661
photos:264067681;264067693;264067697;264067703;264067707;264067733;264067735;264067765;264067777;264067785
photos:264067787;264067791;264067827;264067829;264067833;264067839;264067845;264067847;264067855;264067861
photos:264067871;264067881;264067901;264067903;264067905;264067909;264067911;264067913;264067915;264067917
photos:264067919;264068029;264068075;264068081;264068097;264068107;264068111;264068139;264068147;264068217
photos:264068243;264068249;264068265;264068281;264068283;264068293;264068297;264068299;264068303;264068305
photos:264068359;264068365;264068385;264068407;264068431;264068465;264068493;264068495;264068507;264068591
photos:264068605;264068615;264068617;264068619;264068629;264068637;264068639;264068677;264068691;264068695
photos:264068697;264068701;264068707;264068725;264068731;264068735;264068741;264068797;264068807;264068815
photos:264068829;264068851;264068863;264068883;264068889;264068897;264068899;264068907;264068917;264068937
photos:264068949;264068951;264068979;264069095;264069097;264069177;264069245;264069519;264069543