photos:264016861;264017571;264017787;264017805;264018055;264018773;264020767;264022005;264022025;264024263
photos:264025463;264025577;264025827;264026529;264027923;264029043;264029049;264029057;264029063;264029139
photos:264030733;264031257;264032919;264034841;264037307;264039789;264039939;264041163;264043407;264043723
photos:264045693;264048187;264050389;264051059;264053041;264053571;264053831;264054053;264054461;264054867
photos:264055139;264055303;264056877;264057039;264057323;264057521;264057609;264058187;264058255;264058411
photos:264058839;264059383;264059535;264061037;264061453;264061477;264062173;264062297;264062511;264062581
photos:264062631;264062637;264063657;264064069;264064329;264065391;264065479;264065557;264065647;264066099
photos:264066139;264066217;264066675;264066733;264066759;264066865;264066879;264066889;264067007;264067129
photos:264067165;264067229;264067355;264067393;264067427;264067433;264067513;264067567;264067597;264067653
photos:264067687;264067721;264067725;264067737;264067739;264067773;264067783;264067831;264067885;264067963
photos:264067969;264067999;264068023;264068071;264068127;264068165;264068167;264068171;264068173;264068179
photos:264068199;264068205;264068223;264068269;264068279;264068315;264068361;264068367;264068371;264068373
photos:264068377;264068379;264068387;264068403;264068409;264068415;264068455;264068475;264068477;264068481
photos:264068483;264068497;264068499;264068505;264068513;264068515;264068531;264068533;264068535;264068539
photos:264068555;264068563;264068571;264068585;264068599;264068601;264068607;264068621;264068627;264068631
photos:264068649;264068659;264068683;264068689;264068709;264068721;264068733;264068743;264068769;264068801
photos:264068821;264068835;264068837;264068841;264068843;264068853;264068859;264068877;264068891;264068903
photos:264068905;264068913;264068933;264068935;264068939;264068945;264068973;264068995;264069007;264069009
photos:264069019;264069027;264069031;264069065;264069067;264069075;264069089;264069107;264069115;264069117
photos:264069139;264069169;264069171;264069187;264069205;264069217;264069237;264069249;264069253;264069255
photos:264069261;264069273;264069291;264069293;264069295;264069305;264069307;264069309;264069325;264069335
photos:264069341;264069343;264069347;264069359;264069369;264069383;264069409;264069417;264069419;264069451
photos:264069471;264069473;264069479;264069481;264069527;264069541;264069547;264069549;264069559;264069563
photos:264069609;264069627;264069631;264069641;264069661;264069683;264069691;264069699;264069729;264069743
photos:264069753;264069755;264069759;264069769;264069777;264069783;264069797;264069805;264069807;264069815
photos:264069821;264069831;264069845;264069853;264069865;264069867;264069871;264069897;264069905;264069909
photos:264069913;264069915;264069927;264069933;264069941;264069943;264069961;264069975;264069985;264070003
photos:264070011;264070013;264070021;264070029;264070043;264070059;264070063;264070081;264070085;264070095
photos:264070111;264070133;264070143;264070147;264070175;264070185;264070187;264070217;264070227;264070253
photos:264070267;264070289;264070305;264070315;264070317;264070321;264070339;264070365;264070377;264070379
photos:264070381;264070389;264070391;264070403;264070411;264070421;264070423;264070427;264070447;264070461
photos:264070479;264070509;264070531;264070537;264070543;264070553;264070575;264070581;264070583;264070603
photos:264070613;264070617;264070621;264070623;264070661;264070677;264070679;264070695;264070709;264070715
photos:264070755;264070773;264070785;264070791;264070811;264070823;264070829;264070841;264070871;264070931
photos:264071057;264071121