photos:259018647;263964069;263973251;263974891;263979457;263979469;263983879;263985295;263986243;263986345
photos:263986381;263988569;263989097;263993973;263994293;263997147;263997217;263997269;263997511;264001441
photos:264004113;264005455;264005815;264006027;264006075;264006505;264006509;264006635;264007125;264012219
photos:264012247;264012277;264012443;264012763;264013175;264013263;264015299;264015341;264015395;264015517
photos:264015727;264016119;264016161;264016249;264016489;264016681;264016821;264016825;264017167;264017491
photos:264017727;264018355;264018377;264018493;264018919;264018963;264019061;264019633;264019771;264019795
photos:264019809;264020131;264020659;264020711;264020855;264020895;264021075;264021385;264021479;264021593
photos:264021673;264021773;264021859;264021949;264022035;264022053;264022127;264022149;264022197;264022247
photos:264022391;264022669;264022725;264022891;264022895;264022931;264023165;264023261;264023345;264023449
photos:264023463;264023501;264023689;264024169;264024397;264024601;264024753;264024833;264024971;264024975
photos:264025145;264025153;264025471;264025505;264025515;264025607;264025687;264025941;264026137;264026201
photos:264026389;264026537;264026829;264027119;264027195;264027293;264027455;264027475;264027509;264027611
photos:264027655;264027743;264027777;264027785;264027853;264027889;264028185;264028319;264028345;264028363
photos:264028409;264028431;264028493;264028647;264028673;264028693;264028703;264028705;264028757;264028765
photos:264028855;264028875;264028885;264028951;264029019;264029149;264029171;264029299;264029319;264029717
photos:264029973;264030129;264030339;264030357;264030459;264030541;264030561;264030725;264030729;264030885
photos:264030903;264031349;264031631;264031761;264031767;264031791;264031853;264031921;264031931;264032225
photos:264032331;264032497;264032523;264032603;264032607;264032627;264032713;264032745;264032747;264032789
photos:264032851;264032875;264032909;264032949;264032993;264033049;264033061;264033199;264033259;264033371
photos:264033569;264034059;264034213;264034409;264034525;264034567;264034811;264034839;264034851;264035451
photos:264035541;264035679;264035687;264035805;264035831;264035879;264036067;264036141;264036167;264036183
photos:264036289;264036293;264036305;264036311;264036531;264036545;264036575;264036729;264036753;264036831
photos:264036925;264036969;264037113;264037173;264037481;264037809;264037843;264037875;264037907;264037975
photos:264038055;264038079;264038099;264038103;264038107;264038197;264038277;264038311;264038701;264038761
photos:264038857;264038883;264039103;264039129;264039425;264039461;264039495;264039533;264039611;264039627
photos:264039657;264039755;264039801;264039831;264039863;264039875;264039933;264039963;264040033;264040281
photos:264040325;264040361;264040393;264040519;264040607;264040631;264040635;264040731;264041243;264041415
photos:264041427;264041481;264041487;264041691;264041717;264041799;264041823;264041859;264041881;264041959
photos:264042041;264042053;264042057;264042437;264042547;264042553;264042557;264042733;264042801;264042805
photos:264042817;264042929;264042939;264042941;264042963;264043105;264043165;264043275;264043295;264043315
photos:264043375;264043491;264043541;264043605;264043631;264043725;264043767;264043877;264043905;264043955
photos:264043963;264044015;264044029;264044167;264044217;264044337;264044341;264044825;264044921;264045109
photos:264045425;264045565;264046153;264046159;264046281;264046339;264046345;264046485;264046493;264046519
photos:264046665;264046725;264047313;264047355;264047437;264047447;264047511;264047593;264047605;264047651
photos:264047729;264047769;264048039;264048157;264048507;264048539;264048593;264048635;264048833;264048867
photos:264049039;264049409;264049415;264049451;264049661;264049757;264049869;264050033;264050051;264050127
photos:264050167;264050191;264050225;264050253;264050325;264050331;264050373;264050449;264050479;264050535
photos:264050617;264050633;264050681;264050809;264050835;264050873;264050909;264050979;264051079;264051289
photos:264051319;264051381;264051409;264051471;264051515;264051593;264051769;264051871;264051921;264051955
photos:264052027;264052073;264052295;264052381;264052483;264052485;264052503;264052557;264052571;264052575
photos:264052627;264052641;264052645;264052769;264052783;264052809;264052907;264052929;264052933;264052945
photos:264052955;264052961;264052999;264053273;264053323;264053353;264053393;264053541;264053695;264053813
photos:264053819;264053859;264053875;264054015;264054067;264054077;264054151;264054163;264054241;264054319
photos:264054353;264054379;264054521;264054549;264054559;264054703;264054751;264055035;264055091;264055209
photos:264055251;264055481;264055499;264055605;264055695;264055869;264055965;264055999;264056093;264056151
photos:264056377;264056635;264056677;264056693;264056809;264056847;264056923;264056965;264057041;264057129
photos:264057201;264057277;264057291;264057319;264057347;264057373;264057411;264057413;264057527;264057567
photos:264057861;264057939;264057977;264057983;264058069;264058075;264058099;264058195;264058215;264058229
photos:264058299;264058469;264058567;264058613;264058805;264058887;264058893;264058907;264058999;264059051
photos:264059081;264059221;264059269;264059285;264059319;264059369;264059493;264059499;264059537;264059557
photos:264059727;264059735;264059967;264060053;264060151;264060239;264060453;264060485;264060539;264060541
photos:264060655;264060881;264060895;264060901;264060963;264061089;264061177;264061215;264061487;264061743
photos:264062235;264062243;264062277;264062299;264062343;264062357;264062363;264062375;264062411;264062425
photos:264062427;264062429;264062463;264062473;264062609;264062661;264062711;264062727;264062767;264062783
photos:264062787;264062789;264062845;264062857;264062877;264062919;264063055;264063149;264063255;264063339
photos:264063367;264063407;264063409;264063445;264063451;264063491;264063537;264063625;264064075;264064119
photos:264064133;264064181;264064233;264064245;264064259;264064301;264064343;264064349;264064449;264064551
photos:264064631;264064677;264064693;264064703;264064719;264064787;264064793;264064837;264064907;264064933
photos:264064987;264064989;264065219;264065227;264065259;264065311;264065339;264065395;264065433;264065447
photos:264065535;264065541;264065581;264065729;264065769;264065943;264065951;264065965;264065997;264066089
photos:264066091;264066107;264066115;264066143;264066145;264066151;264066155;264066179;264066191;264066289
photos:264066361;264066369;264066371;264066389;264066397;264066463;264066467;264066471;264066483;264066491
photos:264066537;264066545;264066553;264066589;264066655;264066685;264066687;264066689;264066763;264066867
photos:264066967;264067049;264067051;264067059;264067075;264067089;264067115;264067137;264067139;264067201
photos:264067239;264067277;264067303;264067319;264067325;264067327;264067341;264067343;264067381;264067443
photos:264067465;264067501;264067505;264067509;264067515;264067535;264067555;264067577;264067587;264067595
photos:264067601;264067607;264067623;264067641;264067665;264067675;264067705;264067711;264067715;264067743
photos:264067745;264067747;264067749;264067767;264067771;264067775;264067781;264067793;264067811;264067815
photos:264067817;264067819;264067887;264067897;264067933;264067959;264067967;264067993;264068039;264068053
photos:264068077;264068099;264068105;264068183;264068195;264068213;264068215;264068237;264068261;264068271
photos:264068273;264068313;264068317;264068323;264068327;264068383;264068413;264068487;264068503;264068517
photos:264068545;264068547;264068553;264068575;264068577;264068595;264068623;264068647;264068657;264068663
photos:264068667;264068673;264068737;264068739;264068761;264068809;264068825;264068827;264068845;264068865
photos:264068869;264068871;264068879;264068885;264068955;264068957;264068975;264068981;264068991;264068999
photos:264069001;264069003;264069033;264069043;264069045;264069051;264069055;264069085;264069099;264069101
photos:264069135;264069147;264069149;264069155;264069157;264069161;264069183;264069189;264069203;264069221
photos:264069225;264069227;264069229;264069231;264069251;264069263;264069275;264069285;264069287;264069297
photos:264069329;264069349;264069351;264069363;264069447;264069449;264069459;264069469;264069495;264069511
photos:264069523;264069545;264069551;264069555;264069565;264069581;264069591;264069603;264069605;264069625
photos:264069643;264069651;264069667;264069671;264069679;264069689;264069701;264069713;264069723;264069767
photos:264069775;264069785;264069795;264069799;264069801;264069811;264069819;264069823;264069839;264069843
photos:264069849;264069861;264069873;264069877;264069885;264069889;264069917;264069921;264069923;264069929
photos:264069935;264069937;264069939;264069955;264069963;264069971;264069973;264069977;264069981;264069991
photos:264069993;264069997;264070001;264070015;264070019;264070031;264070033;264070037;264070041;264070049
photos:264070051;264070055;264070057;264070071;264070075;264070103;264070109;264070119;264070123;264070125
photos:264070127;264070151;264070169;264070171;264070179;264070191;264070201;264070207;264070209;264070223
photos:264070225;264070235;264070241;264070269;264070275;264070281;264070291;264070299;264070309;264070313
photos:264070325;264070329;264070331;264070333;264070347;264070355;264070363;264070367;264070383;264070387
photos:264070393;264070405;264070407;264070413;264070415;264070419;264070425;264070429;264070445;264070453
photos:264070455;264070463;264070469;264070481;264070495;264070497;264070501;264070503;264070507;264070515
photos:264070521;264070523;264070527;264070529;264070533;264070539;264070549;264070555;264070559;264070571
photos:264070577;264070579;264070595;264070597;264070599;264070601;264070609;264070611;264070629;264070633
photos:264070635;264070637;264070641;264070645;264070647;264070651;264070659;264070693;264070697;264070699
photos:264070713;264070717;264070721;264070727;264070731;264070733;264070735;264070737;264070739;264070743
photos:264070751;264070759;264070763;264070767;264070769;264070775;264070777;264070787;264070799;264070801
photos:264070803;264070805;264070821;264070825;264070827;264070835;264070843;264070845;264070847;264070849
photos:264070851;264070853;264070855;264070857;264070861;264070863;264070865;264070869;264070873;264070909
photos:264070911;264070917;264070919;264070921;264070923;264070925;264070941;264070945;264070949;264070951
photos:264070957;264070959;264070971;264070977;264070999;264071011;264071013;264071015;264071025;264071027
photos:264071031;264071043;264071067;264071081;264071083;264071089;264071095;264071099;264071103;264071117
photos:264071123;264071127;264071131;264071135;264071139;264071141;264071149;264071151;264071155;264071161
photos:264071165;264071169;264071179;264071181;264071183;264071185;264071187;264071191;264071193;264071197
photos:264071203;264071205;264071207;264071209;264071213;264071215;264071225;264071227;264071231;264071237
photos:264071239;264071241;264071243;264071251;264071253;264071255;264071259;264071263;264071265;264071269
photos:264071275;264071279;264071281;264071287;264071291;264071297;264071301;264071303;264071309;264071319
photos:264071325;264071327;264071335;264071337;264071341;264071351;264071353;264071355;264071357;264071359
photos:264071363;264071375;264071389;264071395;264071423;264071427;264071429;264071431;264071437;264071441
photos:264071451;264071455;264071459;264071461;264071463;264071467;264071471;264071475;264071479;264071487
photos:264071495;264071501;264071505;264071509;264071511;264071521;264071523;264071527;264071539;264071541
photos:264071543;264071553;264071557;264071559;264071561;264071569;264071573;264071575;264071577;264071579
photos:264071583;264071585;264071591;264071597;264071609;264071611;264071613;264071617;264071621;264071625
photos:264071629;264071631;264071635;264071639;264071643;264071651;264071663;264071665;264071667;264071673
photos:264071677;264071679;264071683;264071685;264071689;264071691;264071693;264071697;264071701;264071703
photos:264071705;264071711;264071719;264071723;264071725;264071729;264071763;264071771;264071777;264071783
photos:264071791;264071801;264071807;264071811;264071819;264071831;264071837;264071841;264071845;264071847
photos:264071859;264071865;264071867;264071869;264071871;264071875;264071879;264071881;264071883;264071909
photos:264071921;264071935;264071951;264071961;264071963;264071973;264071975;264071979;264071981;264071989
photos:264071995;264071999;264072003;264072023;264072027;264072033;264072037;264072039;264072041;264072043
photos:264072045;264072051;264072063;264072065;264072067;264072071;264072087;264072089;264072091;264072101
photos:264072109;264072111;264072113;264072115;264072117;264072123;264072125;264072127;264072129;264072137
photos:264072139;264072145;264072153;264072163;264072165;264072171;264072173;264072175;264072177;264072181
photos:264072183;264072187;264072189;264072191;264072195;264072203;264072209;264072211;264072213;264072217
photos:264072223;264072229;264072237;264072243;264072247;264072249;264072257;264072269;264072271;264072275
photos:264072281;264072289;264072291;264072299;264072321;264072323;264072327;264072337;264072341;264072345
photos:264072351;264072353;264072355;264072363;264072365;264072367;264072371;264072373;264072381;264072399
photos:264072405;264072407;264072409;264072433;264072439;264072441;264072443;264072447;264072451;264072455
photos:264072469;264072473;264072475;264072477;264072479;264072483;264072489;264072491;264072495;264072499
photos:264072501;264072503;264072509;264072511;264072513;264072517;264072519;264072521;264072523;264072525
photos:264072529;264072531;264072533;264072537;264072539;264072541;264072545;264072553;264072555;264072563
photos:264072565;264072567;264072569;264072577;264072581;264072585;264072587;264072591;264072593;264072595
photos:264072597;264072605;264072609;264072611;264072613;264072617;264072621;264072629;264072639;264072663
photos:264072667;264072669;264072687;264072689;264072697;264072699;264072703;264072707;264072717;264072721
photos:264072729;264072751;264072753;264072757;264072761;264072763;264072767;264072775;264072779;264072781
photos:264072795;264072797;264072807;264072827;264072855;264072861;264072869;264072879;264072881;264072907
photos:264072917;264072919;264072923;264072925;264072929;264072931;264072949;264072951;264072953;264072955
photos:264072961;264072969;264072971;264072975;264072977;264072981;264072983;264072993;264072995;264073003
photos:264073005;264073007;264073011;264073017;264073023;264073033;264073035;264073037;264073039;264073063
photos:264073067;264073087;264073097;264073109;264073111;264073115;264073127;264073131;264073133;264073137
photos:264073147;264073149;264073153;264073155;264073171;264073189;264073191;264073195;264073199;264073245
photos:264073253;264073259;264073267;264073273;264073279;264073289;264073291;264073297;264073299;264073305
photos:264073315;264073317;264073331;264073335;264073341;264073359;264073361;264073373;264073381;264073385
photos:264073393;264073395;264073397;264073405;264073407;264073419;264073425;264073427;264073435;264073439
photos:264073447;264073449;264073453;264073457;264073461;264073465;264073467;264073477;264073481;264073483
photos:264073487;264073489;264073501;264073503;264073507;264073509;264073511;264073515;264073517;264073523
photos:264073531;264073539;264073541;264073543;264073555;264073561;264073575;264073581;264073587;264073591
photos:264073597;264073599;264073603;264073609;264073611;264073619;264073627;264073629;264073635;264073641
photos:264073643;264073645;264073649;264073653;264073665;264073667;264073669;264073689;264073691;264073721
photos:264073727;264073743;264073745;264073749;264073757;264073759;264073761;264073765;264073767;264073771
photos:264073773;264073785;264073787;264073789;264073793;264073801;264073807;264073815;264073823;264073825
photos:264073827;264073837;264073839;264073841;264073845;264073847;264073849;264073851;264073857;264073859
photos:264073861;264073863;264073865;264073869;264073871;264073875;264073881;264073883;264073887;264073895
photos:264073897;264073899;264073901;264073903;264073907;264073909;264073911;264073913;264073917;264073919
photos:264073921;264073923;264073925;264073927;264073929;264073931;264073933;264073935;264073947;264073955
photos:264073957;264073959;264073965;264073975;264073993;264074001;264074003;264074005;264074007;264074009
photos:264074011;264074013;264074015;264074023;264074031;264074033;264074037;264074053;264074055;264074057
photos:264074061;264074067;264074071;264074081;264074107;264074109;264074111;264074113;264074115;264074119
photos:264074121;264074125;264074127;264074137;264074141;264074147;264074149;264074153;264074155;264074157
photos:264074163;264074165;264074167;264074169;264074173;264074179;264074181;264074183;264074185;264074187
photos:264074191;264074195;264074199;264074203;264074205;264074207;264074211;264074215;264074227;264074235
photos:264074237;264074239;264074243;264074245;264074249;264074255;264074261;264074263;264074265;264074267
photos:264074275;264074277;264074279;264074283;264074289;264074291;264074293;264074299;264074303;264074309
photos:264074319;264074323;264074325;264074337;264074351;264074361;264074367;264074369;264074371;264074375
photos:264074377;264074379;264074381;264074389;264074395;264074405;264074415;264074421;264074423;264074433
photos:264074435;264074437;264074439;264074445;264074447;264074451;264074471;264074473;264074475;264074489
photos:264074491;264074493;264074495;264074499;264074501;264074509;264074515;264074517;264074523;264074527
photos:264074529;264074533;264074535;264074537;264074541;264074543;264074547;264074551;264074555;264074559
photos:264074563;264074567;264074569;264074573;264074577;264074581;264074589;264074591;264074597;264074605
photos:264074607;264074609;264074611;264074613;264074625;264074627;264074631;264074635;264074643;264074645
photos:264074647;264074649;264074651;264074653;264074663;264074669;264074671;264074677;264074683;264074685
photos:264074687;264074689;264074695;264074697;264074703;264074705;264074711;264074715;264074731;264074733
photos:264074735;264074741;264074745;264074751;264074759;264074761;264074765;264074767;264074769;264074771
photos:264074777;264074783;264074785;264074787;264074793;264074797;264074799;264074811;264074815;264074819
photos:264074827;264074837;264074851;264074863;264074869;264074877;264074885;264074891;264074899;264074907
photos:264074909;264074913;264074919;264074921;264074923;264074925;264074929;264074933;264074937;264074941
photos:264074953;264074961;264074969;264074977;264074979;264074981;264074983;264074987;264074993;264074995
photos:264075003;264075013;264075017;264075031;264075033;264075035;264075039;264075041;264075047;264075049
photos:264075051;264075057;264075065;264075067;264075069;264075073;264075077;264075089;264075095;264075099
photos:264075101;264075105;264075107;264075109;264075113;264075115;264075139;264075143;264075145;264075147
photos:264075151;264075153;264075161;264075165;264075171;264075175;264075177;264075181;264075183;264075187
photos:264075201;264075205;264075211;264075213;264075215;264075229;264075231;264075233;264075237;264075241
photos:264075253;264075255;264075259;264075261;264075269;264075277;264075279;264075281;264075285;264075287
photos:264075289;264075291;264075295;264075297;264075299;264075301;264075305;264075311;264075315;264075317
photos:264075319;264075329;264075333;264075335;264075337;264075341;264075343;264075347;264075349;264075361
photos:264075365;264075373;264075381;264075385;264075387;264075391;264075393;264075399;264075411;264075413
photos:264075417;264075419;264075423;264075429;264075435;264075451;264075453;264075455;264075457;264075459
photos:264075475;264075477;264075479;264075481;264075489;264075491;264075495;264075497;264075499;264075501
photos:264075507;264075509;264075513;264075515;264075519;264075547;264075557;264075567;264075569;264075571
photos:264075579;264075583;264075585;264075587;264075589;264075597;264075605;264075607;264075613;264075621
photos:264075625;264075627;264075629;264075633;264075635;264075639;264075645;264075649;264075659;264075665
photos:264075675;264075679;264075689;264075691;264075695;264075697;264075709;264075711;264075715;264075721
photos:264075723;264075725;264075727;264075735;264075743;264075745;264075747;264075749;264075751;264075781
photos:264075783;264075785;264075787;264075793;264075795;264075803;264075817;264075819;264075821;264075827
photos:264075835;264075849;264075851;264075857;264075859;264075865;264075869;264075873;264075877;264075885
photos:264075887;264075889;264075891;264075893;264075895;264075897;264075917;264075919;264075921;264075923
photos:264075929;264075939;264075947;264075955;264075957;264075965;264075979;264075993;264076011;264076013
photos:264076023;264076029;264076045;264076059;264076061;264076073;264076075;264076077;264076081;264076085
photos:264076087;264076089;264076091;264076095;264076097;264076099;264076101;264076103;264076109;264076113
photos:264076123;264076127;264076129;264076131;264076133;264076135;264076143;264076145;264076149;264076151
photos:264076157;264076159;264076161;264076165;264076171;264076173;264076175;264076179;264076181;264076183
photos:264076185;264076189;264076193;264076195;264076199;264076201;264076203;264076205;264076207;264076209
photos:264076215;264076223;264076229;264076235;264076239;264076243;264076245;264076247;264076251;264076253
photos:264076255;264076257;264076259;264076263;264076265;264076279;264076287;264076289;264076291;264076299
photos:264076301;264076303;264076311;264076313;264076323;264076325;264076327;264076333;264076335;264076339
photos:264076341;264076343;264076347;264076349;264076351;264076357;264076359;264076361;264076363;264076365
photos:264076369;264076375;264076379;264076383;264076385;264076387;264076389;264076395;264076397;264076399
photos:264076403;264076405;264076407;264076409;264076411;264076413;264076419;264076421;264076425;264076429
photos:264076431;264076449;264076451;264076453;264076455;264076461;264076465;264076467;264076469;264076481
photos:264076487;264076489;264076491;264076493;264076495;264076497;264076501;264076503;264076507;264076511
photos:264076513;264076517;264076523;264076525;264076529;264076531;264076535;264076537;264076541;264076543
photos:264076545;264076547;264076551;264076553;264076557;264076559;264076561;264076565;264076567;264076571
photos:264076575;264076577;264076579;264076581;264076583;264076587;264076589;264076591;264076593;264076595
photos:264076597;264076599;264076601;264076603;264076605;264076607;264076611;264076613;264076617;264076619
photos:264076621;264076631;264076635;264076637;264076639;264076643;264076651;264076653;264076663;264076681
photos:264076685;264076687;264076689;264076691;264076697;264076699;264076701;264076703;264076705;264076707
photos:264076711;264076713;264076715;264076717;264076719;264076721;264076725;264076737;264076739;264076743
photos:264076745;264076747;264076749;264076751;264076753;264076755;264076757;264076759;264076761;264076765
photos:264076767;264076771;264076777;264076779;264076781;264076785;264076787;264076789;264076791;264076797
photos:264076799;264076801;264076803;264076807;264076809;264076811;264076817;264076819;264076825;264076833
photos:264076835;264076839;264076841;264076853;264076855;264076857;264076863;264076871;264076873;264076877
photos:264076879;264076881;264076887;264076893;264076897;264076899;264076901;264076903;264076905;264076907
photos:264076909;264076911;264076913;264076917;264076921;264076925;264076929;264076931;264076939;264076943
photos:264076945;264076957;264076959;264076961;264076963;264076965;264076967;264076969;264076971;264076987
photos:264076993;264077003;264077005;264077007;264077009;264077013;264077015;264077025;264077027;264077033
photos:264077037;264077039;264077041;264077045;264077051;264077057;264077059;264077061;264077063;264077071
photos:264077077;264077081;264077083;264077085;264077091;264077093;264077095;264077097;264077099;264077101
photos:264077103;264077105;264077107;264077109;264077111;264077117;264077119;264077125;264077127;264077129
photos:264077141;264077143;264077147;264077149;264077151;264077157;264077163;264077165;264077173;264077175
photos:264077177;264077179;264077181;264077183;264077185;264077187;264077195;264077197;264077199;264077201
photos:264077203;264077205;264077207;264077209;264077215;264077217;264077219;264077221;264077223;264077225
photos:264077227;264077231;264077233;264077239;264077245;264077249;264077253;264077257;264077259;264077261
photos:264077263;264077271;264077273;264077275;264077277;264077281;264077283;264077285;264077287;264077295
photos:264077301;264077307;264077309;264077311;264077319;264077323;264077325;264077329;264077331;264077333
photos:264077335;264077337;264077339;264077341;264077347;264077349;264077353;264077355;264077361;264077363
photos:264077365;264077367;264077369;264077371;264077375;264077379;264077385;264077389;264077391;264077393
photos:264077395;264077399;264077405;264077409;264077417;264077419;264077421;264077423;264077425;264077431
photos:264077435;264077437;264077439;264077441;264077443;264077449;264077455;264077487;264077489;264077495
photos:264077521;264077523;264077525;264077531;264077533;264077551;264077561;264077565;264077571;264077577
photos:264077587;264077593;264077601;264077605;264077619;264077623;264077625;264077631;264077635;264077643
photos:264077647;264077649;264077659;264077665;264077669;264077671;264077675;264077677;264077679;264077683
photos:264077687;264077691;264077695;264077697;264077699;264077701;264077705;264077707;264077709;264077717
photos:264077719;264077723;264077727;264077731;264077733;264077735;264077749;264077751;264077755;264077757
photos:264077759;264077761;264077763;264077767;264077777;264077781;264077783;264077785;264077787;264077791
photos:264077793;264077795;264077801;264077805;264077809;264077811;264077813;264077815;264077817;264077819
photos:264077823;264077825;264077827;264077831;264077839;264077841;264077843;264077845;264077853;264077857
photos:264077859;264077863;264077865;264077869;264077871;264077873;264077875;264077877;264077881;264077887
photos:264077891;264077893;264077895;264077901;264077905;264077909;264077911;264077915;264077917;264077921
photos:264077925;264077927;264077929;264077931;264077933;264077937;264077941;264077945;264077947;264077953
photos:264077955;264077965;264077969;264077971;264077977;264077979;264077981;264077983;264077985;264077987
photos:264077989;264077999;264078009;264078011;264078015;264078017;264078019;264078021;264078023;264078025
photos:264078031;264078035;264078037;264078041;264078049;264078051;264078053;264078061;264078063;264078065
photos:264078067;264078069;264078075;264078079;264078087;264078089;264078093;264078109;264078113;264078115
photos:264078121;264078123;264078125;264078127;264078131;264078133;264078137;264078153;264078155;264078161
photos:264078169;264078171;264078175;264078177;264078179;264078183;264078187;264078191;264078201;264078205
photos:264078207;264078211;264078213;264078215;264078217;264078221;264078231;264078235;264078241;264078253
photos:264078257;264078261;264078263;264078265;264078267;264078273;264078279;264078281;264078289;264078291
photos:264078295;264078297;264078299;264078303;264078305;264078307;264078311;264078313;264078317;264078321
photos:264078323;264078325;264078327;264078329;264078331;264078333;264078337;264078343;264078347;264078353
photos:264078355;264078367;264078375;264078377;264078379;264078387;264078393;264078395;264078403;264078409
photos:264078415;264078419;264078421;264078427;264078429;264078431;264078445;264078449;264078453;264078455
photos:264078457;264078483;264078485;264078487;264078491;264078497;264078499;264078503;264078505;264078507
photos:264078513;264078519;264078533;264078541;264078543;264078545;264078547;264078563;264078565;264078573
photos:264078577;264078585;264078595;264078599;264078603;264078607;264078631;264078633;264078637;264078639
photos:264078641;264078647;264078669;264078679;264078693;264078711;264078729;264078731;264078733;264078737
photos:264078745;264078747;264078777;264078781;264078785;264078787;264078791;264078793;264078797;264078803
photos:264078805;264078807;264078827;264078839;264078845;264078847;264078857;264078861;264078865;264078869
photos:264078871;264078877;264078883;264078899;264078901;264078911;264078925;264078931;264078943;264078955
photos:264078965;264078979;264078987;264079003;264079007;264079009;264079033;264079035;264079037;264079039
photos:264079043;264079045;264079051;264079053;264079059;264079065;264079069;264079075;264079077;264079079
photos:264079089;264079091;264079093;264079095;264079099;264079111;264079113;264079123;264079125;264079127
photos:264079133;264079135;264079137;264079143;264079145;264079147;264079149;264079161;264079163;264079169
photos:264079173;264079179;264079181;264079183;264079185;264079187;264079195;264079197;264079205;264079209
photos:264079215;264079219;264079225;264079227;264079231;264079243;264079245;264079253;264079269;264079285
photos:264079291;264079311;264079325;264079335;264079343;264079355;264079361;264079365;264079367;264079369
photos:264079373;264079383;264079393;264079395;264079411;264079419;264079425;264079435;264079437;264079439
photos:264079441;264079443;264079447;264079449;264079451;264079453;264079455;264079461;264079465;264079473
photos:264079475;264079477;264079479;264079483;264079489;264079491;264079493;264079499;264079501;264079503
photos:264079505;264079507;264079509;264079511;264079513;264079515;264079517;264079523;264079539;264079551
photos:264079553;264079557;264079563;264079615;264079633;264079637;264079643;264079645;264079647;264079649
photos:264079651;264079657;264079659;264079663;264079669;264079677;264079679;264079683;264079689;264079691
photos:264079693;264079695;264079697;264079701;264079703;264079705;264079707;264079711;264079713;264079715
photos:264079721;264079725;264079727;264079729;264079731;264079739;264079741;264079749;264079751;264079759
photos:264079761;264079767;264079769;264079773;264079779;264079781;264079783;264079785;264079787;264079799
photos:264079805;264079807;264079811;264079817;264079825;264079827;264079831;264079835;264079845;264079849
photos:264079851;264079853;264079857;264079867;264079871;264079875;264079879;264079883;264079885;264079887
photos:264079891;264079899;264079905;264079907;264079909;264079911;264079919;264079921;264079931;264079937
photos:264079943;264079949;264079953;264079963;264079967;264079971;264079973;264079975;264079979;264079985
photos:264079987;264079989;264080003;264080011;264080019;264080027;264080031;264080033;264080035;264080039
photos:264080043;264080047;264080055;264080065;264080067;264080075;264080077;264080081;264080089;264080091
photos:264080093;264080099;264080103;264080111;264080115;264080117;264080121;264080123;264080127;264080133
photos:264080135;264080139;264080141;264080145;264080149;264080151;264080155;264080157;264080159;264080161
photos:264080165;264080167;264080169;264080171;264080177;264080185;264080189;264080191;264080193;264080197
photos:264080199;264080207;264080217;264080221;264080225;264080227;264080237;264080241;264080243;264080247
photos:264080251;264080261;264080267;264080275;264080277;264080287;264080293;264080295;264080297;264080299
photos:264080301;264080305;264080309;264080311;264080317;264080319;264080321;264080331;264080335;264080339
photos:264080341;264080345;264080347;264080353;264080363;264080367;264080369;264080371;264080381;264080383
photos:264080385;264080387;264080391;264080393;264080403;264080405;264080407;264080413;264080417;264080419
photos:264080425;264080431;264080433;264080435;264080437;264080443;264080449;264080451;264080457;264080459
photos:264080463;264080465;264080471;264080473;264080477;264080479;264080483;264080485;264080487;264080491
photos:264080493;264080495;264080507;264080509;264080517;264080519;264080529;264080535;264080541;264080543
photos:264080547;264080553;264080565;264080569;264080573;264080577;264080579;264080581;264080585;264080589
photos:264080591;264080593;264080599;264080603;264080605;264080607;264080609;264080613;264080615;264080617
photos:264080619;264080621;264080623;264080625;264080627;264080631;264080645;264080647;264080649;264080651
photos:264080655;264080659;264080661;264080663;264080665;264080669;264080673;264080675;264080677;264080681
photos:264080683;264080685;264080687;264080691;264080693;264080701;264080705;264080707;264080709;264080711
photos:264080715;264080725;264080727;264080729;264080733;264080735;264080739;264080741;264080743;264080745
photos:264080747;264080751;264080755;264080757;264080759;264080761;264080763;264080765;264080767;264080771
photos:264080773;264080775;264080781;264080783;264080787;264080791;264080799;264080815;264080841;264080943
photos:264080949;264080953;264080959;264080961;264080967;264080969;264080971;264080981;264080983;264080985
photos:264080987;264080993;264080995;264080997;264080999;264081001;264081003;264081005;264081013;264081017
photos:264081021;264081023;264081027;264081037;264081041;264081045;264081047;264081049;264081051;264081055
photos:264081057;264081061;264081065;264081073;264081075;264081077;264081079;264081081;264081085;264081087
photos:264081089;264081091;264081093;264081097;264081101;264081105;264081107;264081109;264081111;264081115
photos:264081121;264081127;264081129;264081131;264081133;264081135;264081145;264081159;264081163;264081167
photos:264081169;264081171;264081177;264081181;264081183;264081187;264081191;264081193;264081195;264081201
photos:264081203;264081207;264081209;264081211;264081225;264081227;264081231;264081233;264081237;264081239
photos:264081241;264081243;264081247;264081249;264081251;264081253;264081255;264081257;264081261;264081263
photos:264081267;264081269;264081273;264081277;264081279;264081289;264081291;264081293;264081295;264081299
photos:264081301;264081307;264081309;264081311;264081313;264081315;264081319;264081321;264081327;264081331
photos:264081335;264081337;264081339;264081341;264081343;264081345;264081351;264081355;264081359;264081363
photos:264081365;264081367;264081369;264081371;264081375;264081377;264081383;264081385;264081387;264081393
photos:264081401;264081405;264081407;264081409;264081411;264081413;264081415;264081421;264081431;264081433
photos:264081441;264081453;264081455;264081459;264081469;264081471;264081473;264081475;264081481;264081485
photos:264081487;264081489;264081491;264081495;264081497;264081499;264081501;264081503;264081507;264081509
photos:264081511;264081513;264081519;264081521;264081523;264081525;264081531;264081533;264081535;264081537
photos:264081539;264081545;264081547;264081549;264081551;264081557;264081559;264081561;264081563;264081565
photos:264081567;264081569;264081571;264081581;264081583;264081587;264081589;264081591;264081593;264081597
photos:264081599;264081601;264081603;264081605;264081609;264081611;264081613;264081625;264081629;264081631
photos:264081639;264081641;264081643;264081647;264081653;264081655;264081657;264081659;264081671;264081675
photos:264081677;264081679;264081681;264081685;264081687;264081691;264081693;264081695;264081701;264081703
photos:264081709;264081711;264081713;264081715;264081717;264081719;264081721;264081723;264081725;264081727
photos:264081729;264081731;264081733;264081737;264081739;264081741;264081747;264081749;264081753;264081755
photos:264081757;264081759;264081761;264081763;264081765;264081769;264081771;264081775;264081777;264081783
photos:264081791;264081793;264081801;264081803;264081805;264081807;264081809;264081813;264081817;264081827
photos:264081829;264081835;264081841;264081843;264081851;264081855;264081857;264081863;264081867;264081871
photos:264081881;264081891;264081893;264081899;264081901;264081905;264081915;264081917;264081919;264081921
photos:264081935;264081939;264081943;264081949;264081953;264081957;264081967;264081969;264081971;264081979
photos:264081981;264081983;264081987;264081993;264082005;264082021;264082027;264082041;264082043;264082045
photos:264082057;264082061;264082065;264082085;264082093;264082105;264082107;264082109;264082111;264082117
photos:264082121;264082123;264082127;264082137;264082139;264082145;264082151;264082153;264082155;264082163
photos:264082165;264082167;264082185;264082187;264082197;264082199;264082201;264082203;264082205;264082207
photos:264082213;264082215;264082217;264082221;264082223;264082229;264082231;264082233;264082241;264082243
photos:264082257;264082259;264082289;264082293;264082295;264082297;264082299;264082303;264082305;264082309
photos:264082313;264082315;264082317;264082319;264082321;264082339;264082343;264082347;264082355;264082357
photos:264082361;264082365;264082369;264082373;264082381;264082389;264082391;264082397;264082415;264082417
photos:264082429;264082435;264082439;264082441;264082449;264082451;264082453;264082467;264082471;264082483
photos:264082487;264082491;264082493;264082497;264082499;264082503;264082511;264082513;264082517;264082521
photos:264082531;264082533;264082535;264082539;264082543;264082545;264082553;264082557;264082559;264082567
photos:264082575;264082581;264082587;264082591;264082595;264082597;264082599;264082601;264082607;264082611
photos:264082615;264082619;264082623;264082627;264082633;264082639;264082645;264082647;264082649;264082653
photos:264082655;264082657;264082663;264082667;264082671;264082685;264082689;264082705;264082713;264082715
photos:264082723;264082731;264082739;264082747;264082751;264082765;264082769;264082777;264082781;264082785
photos:264082789;264082791;264082793;264082805;264082821;264082823;264082825;264082827;264082829;264082831
photos:264082833;264082851;264082853;264082855;264082859;264082861;264082865;264082867;264082869;264082879
photos:264082881;264082883;264082889;264082907;264082921;264082931;264082935;264082937;264082943;264082953
photos:264082955;264082975;264082981;264082987;264082989;264082995;264082999;264083023;264083025;264083027
photos:264083029;264083037;264083039;264083041;264083045;264083081;264083109;264083113;264083117;264083127
photos:264083133;264083155;264083189;264083195;264083197;264083199;264083201;264083205;264083211;264083219
photos:264083227;264083233;264083235;264083243;264083249;264083255;264083259;264083261;264083263;264083273
photos:264083275;264083283;264083285;264083287;264083289;264083303;264083315;264083319;264083325;264083331
photos:264083353;264083355;264083359;264083363;264083369;264083375;264083377;264083381;264083383;264083385
photos:264083387;264083399;264083401;264083403;264083407;264083415;264083417;264083419;264083423;264083425
photos:264083435;264083445;264083447;264083453;264083463;264083469;264083475;264083477;264083483;264083485
photos:264083501;264083503;264083531;264083545;264083561;264083563;264083565;264083571;264083581;264083585
photos:264083591;264083597;264083603;264083613;264083615;264083617;264083621;264083625;264083645;264083651
photos:264083657;264083663;264083675;264083677;264083679;264083681;264083695;264083709;264083711;264083713
photos:264083721;264083729;264083731;264083739;264083741;264083745;264083749;264083751;264083753;264083755
photos:264083757;264083761;264083763;264083769;264083771;264083773;264083775;264083777;264083783;264083785
photos:264083787;264083789;264083793;264083795;264083801;264083803;264083805;264083807;264083809;264083811
photos:264083813;264083817;264083821;264083837;264083841;264083845;264083853;264083855;264083857;264083859
photos:264083861;264083869;264083877;264083879;264083881;264083883;264083885;264083895;264083897;264083903
photos:264083905;264083913;264083915;264083921;264083931;264083937;264083939;264083947;264083949;264083955
photos:264083957;264083963;264083965;264083967;264083981;264083983;264083987;264083993;264083997;264083999
photos:264084003;264084007;264084011;264084013;264084015;264084017;264084019;264084025;264084033;264084035
photos:264084043;264084049;264084051;264084055;264084057;264084071;264084079;264084117;264084133;264084135
photos:264084137;264084145;264084149;264084151;264084167;264084171;264084177;264084179;264084197;264084199
photos:264084203;264084211;264084221;264084235;264084237;264084239;264084241;264084243;264084247;264084251
photos:264084253;264084257;264084263;264084277;264084279;264084283;264084285;264084287;264084289;264084291
photos:264084303;264084309;264084317;264084319;264084323;264084325;264084335;264084343;264084345;264084363
photos:264084371;264084383;264084385;264084395;264084397;264084401;264084403;264084417;264084425;264084429
photos:264084435;264084437;264084443;264084447;264084451;264084455;264084473;264084477;264084481;264084485
photos:264084487;264084489;264084491;264084495;264084503;264084505;264084511;264084513;264084529;264084535
photos:264084537;264084539;264084541;264084543;264084553;264084561;264084565;264084567;264084569;264084571
photos:264084587;264084595;264084597;264084599;264084601;264084605;264084611;264084613;264084617;264084625
photos:264084629;264084637;264084641;264084643;264084645;264084647;264084655;264084657;264084663;264084665
photos:264084669;264084671;264084677;264084679;264084681;264084683;264084687;264084689;264084691;264084697
photos:264084701;264084703;264084707;264084709;264084715;264084717;264084723;264084733;264084739;264084743
photos:264084745;264084747;264084751;264084755;264084757;264084763;264084775;264084777;264084781;264084789
photos:264084795;264084803;264084815;264084817;264084819;264084821;264084827;264084829;264084837;264084845
photos:264084847;264084849;264084851;264084853;264084857;264084859;264084863;264084869;264084873;264084879
photos:264084881;264084887;264084889;264084893;264084895;264084897;264084899;264084901;264084903;264084905
photos:264084907;264084917;264084919;264084929;264084931;264084933;264084935;264084937;264084943;264084945
photos:264084949;264084951;264084959;264084965;264084967;264084973;264084975;264084979;264084983;264084985
photos:264084993;264084995;264084997;264084999;264085007;264085009;264085011;264085021;264085023;264085033
photos:264085035;264085037;264085039;264085041;264085049;264085059;264085063;264085069;264085071;264085079
photos:264085081;264085089;264085093;264085155;264085251;264085253;264085255;264085265;264085269;264085275
photos:264085277;264085281;264085285;264085289;264085291;264085293;264085297;264085299;264085303;264085305
photos:264085311;264085313;264085315;264085323;264085325;264085327;264085329;264085331;264085333;264085339
photos:264085341;264085347;264085351;264085353;264085361;264085365;264085367;264085369;264085371;264085375
photos:264085377;264085379;264085385;264085387;264085389;264085395;264085399;264085409;264085419;264085421
photos:264085423;264085427;264085429;264085443;264085463;264085467;264085475;264085481;264085487;264085489
photos:264085493;264085497;264085509;264085517;264085533;264085537;264085539;264085541;264085543;264085553
photos:264085559;264085561;264085571;264085575;264085577;264085579;264085581;264085589;264085591;264085593
photos:264085595;264085597;264085599;264085603;264085617;264085621;264085625;264085633;264085635;264085641
photos:264085643;264085651;264085653;264085661;264085667;264085697;264085703;264085705;264085707;264085709
photos:264085727;264085735;264085737;264085743;264085759;264085761;264085763;264085781;264085785;264085791
photos:264085799;264085801;264085807;264085815;264085821;264085825;264085837;264085839;264085849;264085861
photos:264085863;264085867;264085871;264085873;264085879;264085903;264085909;264085913;264085919;264085921
photos:264085933;264085935;264085939;264085943;264085947;264085949;264085957;264085959;264085961;264085963
photos:264085967;264085977;264086007;264086011;264086021;264086093;264086095;264086099;264086105;264086109
photos:264086111;264086113;264086117;264086119;264086121;264086125;264086127;264086131;264086135;264086143
photos:264086147;264086157;264086161;264086167;264086171;264086193;264086197;264086201;264086207;264086209
photos:264086215;264086217;264086219;264086223;264086229;264086235;264086237;264086239;264086241;264086243
photos:264086245;264086247;264086249;264086255;264086277;264086279;264086281;264086283;264086287;264086289
photos:264086291;264086293;264086303;264086309;264086311;264086343;264086345;264086357;264086365;264086381
photos:264086383;264086387;264086391;264086405;264086407;264086409;264086413;264086417;264086433;264086443
photos:264086453;264086459;264086475;264086481;264086493;264086499;264086501;264086511;264086519;264086521
photos:264086537;264086539;264086543;264086547;264086559;264086563;264086567;264086573;264086577;264086581
photos:264086583;264086587;264086593;264086595;264086597;264086601;264086605;264086607;264086611;264086615
photos:264086619;264086623;264086625;264086627;264086637;264086641;264086647;264086651;264086655;264086661
photos:264086663;264086669;264086677;264086681;264086683;264086687;264086699;264086701;264086703;264086705
photos:264086711;264086737;264086739;264086741;264086743;264086757;264086765;264086773;264086775;264086777
photos:264086783;264086785;264086787;264086789;264086791;264086793;264086795;264086797;264086807;264086817
photos:264086819;264086821;264086823;264086829;264086833;264086843;264086845;264086859;264086865;264086867
photos:264086869;264086873;264086877;264086883;264086893;264086905;264086907;264086913;264086919;264086923
photos:264086927;264086929;264086931;264086937;264086943;264086945;264086955;264086993;264087003;264087027
photos:264087043;264087045;264087047;264087049;264087051;264087067;264087073;264087079;264087089;264087097
photos:264087111;264087117;264087121;264087123;264087129;264087131;264087145;264087147;264087157;264087159
photos:264087161;264087165;264087171;264087191;264087195;264087199;264087205;264087207;264087217;264087219
photos:264087223;264087233;264087237;264087239;264087245;264087255;264087257;264087261;264087263;264087279
photos:264087287;264087293;264087307;264087313;264087315;264087331;264087345;264087349;264087359;264087361
photos:264087375;264087389;264087391;264087393;264087395;264087397;264087399;264087403;264087405;264087413
photos:264087415;264087419;264087421;264087425;264087429;264087431;264087437;264087441;264087443;264087451
photos:264087453;264087455;264087457;264087459;264087461;264087465;264087479;264087483;264087485;264087489
photos:264087491;264087495;264087501;264087503;264087505;264087509;264087513;264087515;264087517;264087527
photos:264087547;264087551;264087553;264087561;264087563;264087567;264087571;264087573;264087579;264087593
photos:264087595;264087597;264087653;264087655;264087671;264087683;264087685;264087691;264087695;264087697
photos:264087699;264087709;264087717;264087719;264087721;264087729;264087735;264087737;264087739;264087741
photos:264087743;264087745;264087757;264087767;264087771;264087779;264087787;264087793;264087795;264087797
photos:264087799;264087801;264087811;264087815;264087819;264087825;264087833;264087835;264087841;264087843
photos:264087853;264087855;264087861;264087863;264087869;264087881;264087883;264087891;264087893;264087899
photos:264087907;264087911;264087917;264087947;264087949;264087957;264087959;264087961;264087963;264087967
photos:264087969;264087971;264087995;264088005;264088057;264088061;264088089;264088105;264088107;264088109
photos:264088111;264088113;264088117;264088129;264088147;264088149;264088151;264088169;264088171;264088173
photos:264088179;264088181;264088195;264088197;264088199;264088203;264088205;264088207;264088209;264088221
photos:264088223;264088227;264088229;264088237;264088247;264088253;264088255;264088269;264088271;264088273
photos:264088285;264088287;264088291;264088293;264088295;264088297;264088299;264088303;264088309;264088313
photos:264088317;264088325;264088327;264088329;264088333;264088335;264088337;264088339;264088341;264088343
photos:264088345;264088347;264088359;264088361;264088365;264088371;264088379;264088381;264088385;264088387
photos:264088389;264088391;264088393;264088395;264088397;264088399;264088403;264088405;264088409;264088415
photos:264088417;264088419;264088427;264088429;264088431;264088437;264088445;264088449;264088461;264088463
photos:264088475;264088479;264088481;264088483;264088485;264088487;264088489;264088495;264088497;264088501
photos:264088505;264088509;264088515;264088517;264088519;264088521;264088529;264088533;264088539;264088545
photos:264088553;264088557;264088559;264088563;264088571;264088573;264088581;264088583;264088585;264088587
photos:264088591;264088597;264088599;264088603;264088605;264088611;264088613;264088615;264088627;264088629
photos:264088631;264088643;264088645;264088647;264088653;264088655;264088657;264088659;264088665;264088671
photos:264088673;264088675;264088681;264088685;264088687;264088689;264088693;264088695;264088701;264088719
photos:264088727;264088729;264088733;264088743;264088747;264088749;264088767;264088769;264088781;264088785
photos:264088787;264088793;264088797;264088811;264088813;264088815;264088821;264088825;264088829;264088833
photos:264088835;264088839;264088867;264088869;264088877;264088879;264088881;264088887;264088891;264088893
photos:264088901;264088927;264088929;264088939;264088947;264088949;264088951;264088953;264088959;264088961
photos:264088969;264088973;264088975;264088977;264088983;264088987;264089001;264089011;264089015;264089021
photos:264089025;264089027;264089029;264089031;264089037;264089039;264089043;264089045;264089049;264089053
photos:264089057;264089063;264089069;264089071;264089073;264089079;264089083;264089085;264089127;264089129
photos:264089141;264089145;264089151;264089153;264089155;264089161;264089163;264089169;264089171;264089175
photos:264089177;264089179;264089185;264089187;264089189;264089191;264089193;264089201;264089207;264089209
photos:264089211;264089213;264089215;264089217;264089225;264089229;264089231;264089239;264089241;264089285
photos:264089299;264089301;264089305;264089307;264089309;264089317;264089323;264089325;264089333;264089337
photos:264089341;264089343;264089345;264089353;264089359;264089369;264089371;264089375;264089377;264089385
photos:264089389;264089397;264089403;264089415;264089417;264089419;264089421;264089453;264089455;264089465
photos:264089473;264089477;264089481;264089483;264089489;264089491;264089493;264089501;264089503;264089517
photos:264089519;264089527;264089529;264089531;264089535;264089537;264089541;264089543;264089547;264089555
photos:264089561;264089563;264089567;264089571;264089575;264089581;264089585;264089593;264089595;264089597
photos:264089601;264089607;264089611;264089615;264089625;264089645;264089651;264089655;264089659;264089661
photos:264089671;264089675;264089681;264089683;264089685;264089687;264089689;264089701;264089709;264089711
photos:264089721;264089725;264089727;264089737;264089743;264089751;264089753;264089755;264089765;264089777
photos:264089779;264089785;264089787;264089799;264089801;264089803;264089805;264089807;264089811;264089813
photos:264089821;264089823;264089831;264089837;264089839;264089841;264089843;264089855;264089857;264089859
photos:264089863;264089865;264089867;264089871;264089875;264089895;264089899;264089905;264089909;264089917
photos:264089921;264089931;264089933;264089941;264089943;264089945;264089947;264089951;264089957;264089965
photos:264089967;264089987;264089991;264089993;264090001;264090005;264090007;264090013;264090017;264090023
photos:264090027;264090043;264090045;264090051;264090055;264090057;264090063;264090065;264090069;264090071
photos:264090073;264090075;264090083;264090089;264090091;264090095;264090103;264090105;264090109;264090115
photos:264090121;264090127;264090139;264090149;264090163;264090169;264090173;264090175;264090179;264090181
photos:264090183;264090185;264090193;264090211;264090217;264090245;264090249;264090255;264090265;264090267
photos:264090271;264090273;264090277;264090279;264090283;264090285;264090295;264090301;264090323;264090325
photos:264090331;264090351;264090353;264090359;264090363;264090365;264090369;264090375;264090377;264090381
photos:264090383;264090391;264090395;264090399;264090401;264090403;264090405;264090411;264090413;264090433
photos:264090435;264090439;264090465;264090469;264090473;264090477;264090481;264090489;264090493;264090495
photos:264090497;264090521;264090537;264090539;264090549;264090557;264090559;264090561;264090569;264090583
photos:264090587;264090589;264090595;264090599;264090605;264090615;264090621;264090627;264090633;264090647
photos:264090649;264090653;264090655;264090671;264090679;264090681;264090685;264090695;264090697;264090705
photos:264090707;264090709;264090719;264090721;264090725;264090727;264090743;264090745;264090751;264090755
photos:264090759;264090761;264090769;264090779;264090781;264090785;264090791;264090797;264090803;264090807
photos:264090809;264090811;264090813;264090815;264090819;264090823;264090827;264090833;264090857;264090861
photos:264090865;264090871;264090873;264090875;264090877;264090879;264090897;264090899;264090901;264090903
photos:264090911;264090913;264090919;264090921;264090927;264090929;264090931;264090933;264090935;264090941
photos:264090949;264090951;264090957;264090959;264090961;264090963;264090967;264090969;264090971;264090975
photos:264090977;264090979;264090983;264090985;264090989;264090991;264090993;264090997;264090999;264091003
photos:264091005;264091007;264091011;264091015;264091017;264091019;264091023;264091025;264091027;264091029
photos:264091031;264091033;264091035;264091037;264091045;264091051;264091053;264091059;264091065;264091067
photos:264091069;264091073;264091077;264091079;264091081;264091083;264091091;264091093;264091103;264091107
photos:264091111;264091117;264091123;264091125;264091127;264091131;264091137;264091139;264091149;264091151
photos:264091153;264091163;264091165;264091169;264091177;264091179;264091181;264091191;264091197;264091199
photos:264091201;264091203;264091211;264091213;264091215;264091221;264091223;264091225;264091227;264091229
photos:264091231;264091237;264091241;264091243;264091245;264091249;264091257;264091259;264091261;264091267
photos:264091271;264091273;264091283;264091285;264091289;264091295;264091297;264091303;264091305;264091309
photos:264091315;264091317;264091319;264091323;264091337;264091341;264091347;264091353;264091357;264091359
photos:264091365;264091373;264091375;264091379;264091381;264091383;264091387;264091389;264091391;264091393
photos:264091395;264091401;264091409;264091413;264091415;264091417;264091427;264091433;264091437;264091443
photos:264091445;264091447;264091449;264091451;264091453;264091455;264091457;264091461;264091463;264091465
photos:264091479;264091489;264091491;264091493;264091495;264091497;264091505;264091507;264091517;264091519
photos:264091521;264091525;264091529;264091531;264091533;264091535;264091539;264091541;264091543;264091549
photos:264091557;264091561;264091563;264091565;264091567;264091569;264091571;264091577;264091579;264091585
photos:264091591;264091599;264091605;264091611;264091617;264091621;264091623;264091625;264091637;264091639
photos:264091641;264091643;264091649;264091653;264091655;264091661;264091663;264091677;264091683;264091693
photos:264091695;264091701;264091707;264091721;264091723;264091725;264091731;264091733;264091739;264091745
photos:264091747;264091749;264091751;264091753;264091757;264091761;264091769;264091779;264091783;264091787
photos:264091789;264091791;264091795;264091797;264091799;264091801;264091803;264091805;264091807;264091809
photos:264091813;264091815;264091819;264091821;264091823;264091829;264091833;264091837;264091841;264091847
photos:264091849;264091859;264091863;264091865;264091867;264091869;264091871;264091881;264091883;264091885
photos:264091897;264091901;264091905;264091925;264091927;264091933;264091935;264091937;264091941;264091943
photos:264091945;264091947;264091949;264091953;264091963;264091969;264091973;264091975;264091977;264091979
photos:264091981;264091985;264091989;264091993;264091995;264091997;264092001;264092003;264092005;264092007
photos:264092009;264092011;264092013;264092015;264092021;264092027;264092029;264092033;264092035;264092037
photos:264092039;264092053;264092055;264092057;264092059;264092065;264092067;264092071;264092073;264092075
photos:264092081;264092089;264092091;264092093;264092103;264092105;264092113;264092115;264092123;264092125
photos:264092127;264092129;264092131;264092137;264092143;264092149;264092151;264092159;264092169;264092177
photos:264092181;264092185;264092191;264092193;264092195;264092197;264092199;264092201;264092207;264092209
photos:264092213;264092215;264092221;264092223;264092227;264092229;264092233;264092235;264092237;264092239
photos:264092243;264092249;264092251;264092253;264092255;264092259;264092261;264092265;264092273;264092275
photos:264092277;264092279;264092285;264092287;264092289;264092291;264092293;264092297;264092301;264092305
photos:264092311;264092313;264092315;264092325;264092333;264092335;264092343;264092347;264092351;264092357
photos:264092359;264092361;264092363;264092369;264092371;264092373;264092383;264092385;264092387;264092391
photos:264092397;264092399;264092401;264092407;264092409;264092413;264092417;264092419;264092421;264092425
photos:264092433;264092437;264092441;264092449;264092451;264092455;264092457;264092463;264092465;264092471
photos:264092477;264092479;264092483;264092485;264092495;264092497;264092503;264092505;264092507;264092513
photos:264092515;264092525;264092531;264092537;264092557;264092563;264092565;264092567;264092573;264092575
photos:264092577;264092581;264092585;264092589;264092593;264092599;264092605;264092607;264092609;264092615
photos:264092621;264092627;264092629;264092631;264092639;264092641;264092647;264092651;264092657;264092659
photos:264092665;264092667;264092669;264092671;264092673;264092679;264092681;264092683;264092685;264092687
photos:264092691;264092693;264092697;264092703;264092707;264092715;264092717;264092719;264092721;264092723
photos:264092735;264092737;264092739;264092741;264092749;264092751;264092755;264092757;264092759;264092761
photos:264092763;264092765;264092767;264092771;264092777;264092779;264092781;264092789;264092791;264092793
photos:264092795;264092799;264092803;264092811;264092813;264092817;264092819;264092827;264092835;264092839
photos:264092843;264092845;264092847;264092851;264092857;264092859;264092863;264092871;264092873;264092881
photos:264092883;264092885;264092893;264092897;264092907;264092913;264092917;264092923;264092925;264092931
photos:264092933;264092937;264092939;264092941;264092943;264092947;264092949;264092951;264092973;264092981
photos:264092983;264092987;264092991;264092993;264092999;264093007;264093011;264093017;264093019;264093021
photos:264093023;264093033;264093039;264093045;264093049;264093051;264093053;264093055;264093059;264093065
photos:264093069;264093071;264093073;264093087;264093095;264093097;264093099;264093105;264093111;264093113
photos:264093115;264093119;264093123;264093127;264093129;264093143;264093147;264093163;264093167;264093175
photos:264093177;264093179;264093183;264093189;264093193;264093195;264093203;264093209;264093211;264093221
photos:264093225;264093227;264093229;264093233;264093235;264093237;264093245;264093259;264093263;264093271
photos:264093275;264093285;264093293;264093299;264093303;264093307;264093313;264093333;264093341;264093345
photos:264093347;264093349;264093351;264093353;264093359;264093363;264093367;264093369;264093373;264093375
photos:264093377;264093379;264093381;264093383;264093385;264093387;264093389;264093407;264093409;264093411
photos:264093413;264093415;264093417;264093423;264093429;264093433;264093437;264093447;264093449;264093453
photos:264093487;264093499;264093503;264093505;264093509;264093511;264093513;264093515;264093517;264093519
photos:264093527;264093529;264093549;264093557;264093561;264093565;264093571;264093577;264093579;264093587
photos:264093589;264093591;264093593;264093595;264093599;264093609;264093611;264093613;264093617;264093625
photos:264093627;264093637;264093639;264093649;264093659;264093667;264093669;264093679;264093693;264093703
photos:264093707;264093709;264093717;264093721;264093727;264093729;264093731;264093735;264093741;264093751
photos:264093759;264093765;264093769;264093771;264093775;264093779;264093781;264093789;264093791;264093795
photos:264093801;264093805;264093807;264093809;264093815;264093819;264093821;264093825;264093827;264093835
photos:264093843;264093853;264093857;264093865;264093871;264093875;264093877;264093879;264093883;264093885
photos:264093887;264093915;264093921;264093931;264093945;264093957;264093971;264093995;264093999;264094013
photos:264094015;264094023;264094031;264094033;264094037;264094041;264094045;264094053;264094055;264094059
photos:264094065;264094067;264094069;264094077;264094079;264094087;264094111;264094113;264094117;264094119
photos:264094125;264094127;264094133;264094135;264094137;264094143;264094151;264094153;264094159;264094163
photos:264094169;264094175;264094177;264094181;264094185;264094187;264094191;264094193;264094199;264094203
photos:264094209;264094211;264094215;264094217;264094219;264094221;264094223;264094227;264094229;264094231
photos:264094239;264094243;264094253;264094255;264094261;264094267;264094269;264094273;264094287;264094293
photos:264094297;264094299;264094307;264094309;264094313;264094315;264094319;264094321;264094327;264094331
photos:264094333;264094353;264094355;264094357;264094363;264094365;264094373;264094375;264094377;264094391
photos:264094399;264094403;264094407;264094409;264094423;264094427;264094451;264094457;264094467;264094469
photos:264094493;264094495;264094499;264094501;264094519;264094523;264094531;264094535;264094537;264094539
photos:264094541;264094565;264094569;264094575;264094577;264094583;264094599;264094601;264094607;264094611
photos:264094625;264094627;264094657;264094659;264094673;264094679;264094693;264094695;264094697;264094727
photos:264094737;264094749;264094751;264094763;264094773;264094777;264094779;264094781;264094789;264094797
photos:264094801;264094811;264094819;264094833;264094855;264094863;264094875;264094879;264094883;264094887
photos:264094897;264094907;264094911;264094913;264094915;264094923;264094925;264094927;264094929;264094951
photos:264094955;264094973;264094979;264094985;264095009;264095023;264095025;264095027;264095037;264095049
photos:264095087;264095097;264095101;264095103;264095113;264095115;264095117;264095119;264095125;264095127
photos:264095129;264095145;264095149;264095159;264095177;264095203;264095205;264095211;264095215;264095219
photos:264095223;264095229;264095231;264095235;264095249;264095251;264095257;264095275;264095283;264095285
photos:264095293;264095299;264095303;264095309;264095315;264095323;264095325;264095329;264095337;264095343
photos:264095345;264095347;264095349;264095351;264095357;264095361;264095365;264095369;264095375;264095377
photos:264095379;264095381;264095383;264095395;264095401;264095405;264095407;264095413;264095417;264095425
photos:264095433;264095439;264095443;264095445;264095455;264095457;264095463;264095465;264095467;264095469
photos:264095483;264095485;264095487;264095501;264095519;264095533;264095537;264095541;264095557;264095559
photos:264095563;264095565;264095573;264095575;264095579;264095585;264095587;264095597;264095599;264095601
photos:264095607;264095611;264095613;264095619;264095629;264095643;264095647;264095649;264095653;264095655
photos:264095661;264095663;264095665;264095675;264095677;264095679;264095689;264095713;264095721;264095729
photos:264095731;264095733;264095739;264095745;264095747;264095767;264095769;264095777;264095779;264095785
photos:264095789;264095805;264095811;264095819;264095821;264095841;264095853;264095871;264095879;264095885
photos:264095893;264095895;264095903;264095905;264095911;264095915;264095925;264095941;264095955;264095957
photos:264095959;264095965;264095971;264095991;264095993;264095999;264096005;264096009;264096015;264096019
photos:264096021;264096025;264096027;264096031;264096037;264096039;264096041;264096043;264096047;264096051
photos:264096057;264096059;264096061;264096063;264096065;264096069;264096073;264096077;264096083;264096087
photos:264096089;264096091;264096093;264096095;264096099;264096101;264096107;264096129;264096133;264096135
photos:264096137;264096139;264096141;264096143;264096145;264096167;264096173;264096177;264096179;264096181
photos:264096183;264096189;264096191;264096193;264096197;264096203;264096205;264096209;264096211;264096223
photos:264096233;264096235;264096237;264096239;264096243;264096257;264096265;264096277;264096279;264096281
photos:264096287;264096293;264096303;264096307;264096309;264096311;264096319;264096323;264096325;264096327
photos:264096331;264096337;264096343;264096345;264096349;264096351;264096359;264096365;264096369;264096373
photos:264096375;264096377;264096381;264096383;264096385;264096387;264096389;264096393;264096395;264096405
photos:264096407;264096411;264096417;264096421;264096423;264096427;264096429;264096431;264096435;264096439
photos:264096457;264096459;264096465;264096467;264096475;264096477;264096481;264096485;264096489;264096491
photos:264096493;264096497;264096515;264096521;264096523;264096533;264096541;264096549;264096555;264096557
photos:264096563;264096565;264096567;264096569;264096579;264096581;264096589;264096593;264096595;264096601
photos:264096605;264096607;264096611;264096621;264096627;264096637;264096643;264096645;264096667;264096669
photos:264096671;264096677;264096679;264096685;264096689;264096691;264096697;264096707;264096711;264096719
photos:264096727;264096749;264096753;264096773;264096783;264096787;264096789;264096797;264096805;264096807
photos:264096815;264096819;264096823;264096825;264096829;264096831;264096837;264096839;264096841;264096843
photos:264096845;264096849;264096851;264096857;264096863;264096867;264096869;264096873;264096875;264096881
photos:264096883;264096891;264096897;264096907;264096917;264096919;264096925;264096927;264096931;264096933
photos:264096939;264096941;264096943;264096947;264096949;264096951;264096953;264096957;264096967;264096969
photos:264096971;264096975;264096979;264096989;264096991;264096997;264096999;264097005;264097009;264097015
photos:264097019;264097029;264097031;264097035;264097049;264097051;264097053;264097057;264097059;264097061
photos:264097067;264097071;264097075;264097079;264097081;264097087;264097091;264097093;264097095;264097097
photos:264097099;264097111;264097117;264097119;264097123;264097127;264097129;264097131;264097133;264097135
photos:264097139;264097143;264097149;264097157;264097159;264097163;264097167;264097169;264097183;264097211
photos:264097223;264097229;264097231;264097235;264097241;264097253;264097255;264097261;264097281;264097293
photos:264097301;264097305;264097315;264097317;264097319;264097321;264097323;264097325;264097327;264097329
photos:264097333;264097335;264097341;264097343;264097349;264097353;264097357;264097359;264097361;264097363
photos:264097375;264097379;264097383;264097385;264097387;264097391;264097397;264097411;264097415;264097425
photos:264097429;264097437;264097439;264097443;264097449;264097451;264097455;264097459;264097461;264097463
photos:264097471;264097477;264097481;264097487;264097491;264097499;264097501;264097505;264097507;264097513
photos:264097515;264097523;264097525;264097527;264097533;264097543;264097551;264097553;264097557;264097559
photos:264097563;264097565;264097573;264097575;264097579;264097591;264097593;264097595;264097599;264097601
photos:264097603;264097609;264097611;264097613;264097617;264097619;264097621;264097623;264097627;264097629
photos:264097631;264097633;264097635;264097639;264097645;264097647;264097649;264097651;264097653;264097655
photos:264097661;264097667;264097669;264097679;264097681;264097685;264097693;264097697;264097699;264097701
photos:264097703;264097707;264097715;264097719;264097721;264097733;264097745;264097747;264097757;264097765
photos:264097773;264097779;264097781;264097783;264097787;264097789;264097791;264097793;264097799;264097803
photos:264097805;264097807;264097809;264097813;264097819;264097821;264097825;264097829;264097841;264097851
photos:264097859;264097865;264097877;264097883;264097893;264097895;264097899;264097903;264097905;264097907
photos:264097913;264097917;264097919;264097923;264097925;264097927;264097929;264097931;264097933;264097937
photos:264097939;264097941;264097943;264097947;264097955;264097959;264097961;264097963;264097967;264097971
photos:264097973;264097977;264097979;264097987;264097989;264097991;264097993;264097999;264098003;264098005
photos:264098011;264098019;264098021;264098025;264098027;264098029;264098035;264098037;264098039;264098047
photos:264098055;264098063;264098065;264098073;264098075;264098077;264098085;264098097;264098103;264098107
photos:264098125;264098129;264098135;264098143;264098171;264098179;264098199;264098201;264098209;264098217
photos:264098219;264098221;264098227;264098229;264098235;264098253;264098255;264098257;264098259;264098261
photos:264098265;264098275;264098279;264098281;264098283;264098293;264098295;264098297;264098301;264098309
photos:264098315;264098317;264098333;264098339;264098355;264098357;264098361;264098363;264098369;264098371
photos:264098373;264098375;264098377;264098379;264098385;264098391;264098397;264098407;264098415;264098417
photos:264098427;264098433;264098435;264098439;264098455;264098457;264098459;264098463;264098467;264098469
photos:264098471;264098475;264098477;264098483;264098485;264098497;264098499;264098503;264098505;264098509
photos:264098517;264098519;264098521;264098523;264098525;264098531;264098533;264098535;264098539;264098541
photos:264098549;264098555;264098557;264098559;264098561;264098563;264098567;264098569;264098571;264098573
photos:264098581;264098587;264098591;264098595;264098605;264098613;264098615;264098619;264098621;264098625
photos:264098627;264098631;264098635;264098645;264098647;264098649;264098653;264098655;264098657;264098661
photos:264098665;264098671;264098673;264098675;264098677;264098681;264098699;264098701;264098703;264098707
photos:264098711;264098721;264098723;264098729;264098731;264098739;264098741;264098745;264098747;264098751
photos:264098755;264098763;264098765;264098771;264098775;264098777;264098779;264098783;264098785;264098795
photos:264098797;264098799;264098803;264098807;264098809;264098815;264098821;264098823;264098825;264098829
photos:264098833;264098835;264098837;264098839;264098841;264098845;264098849;264098851;264098857;264098867
photos:264098869;264098873;264098877;264098879;264098881;264098889;264098899;264098911;264098917;264098921
photos:264098923;264098935;264098939;264098941;264098947;264098957;264098965;264098967;264098971;264098973
photos:264098975;264098981;264098983;264098985;264098987;264098989;264098991;264098995;264098999;264099007
photos:264099009;264099015;264099023;264099025;264099027;264099031;264099035;264099039;264099041;264099049
photos:264099051;264099053;264099063;264099073;264099087;264099097;264099101;264099103;264099105;264099107
photos:264099109;264099115;264099117;264099125;264099137;264099139;264099141;264099143;264099145;264099151
photos:264099167;264099169;264099171;264099175;264099181;264099201;264099203;264099205;264099209;264099217
photos:264099219;264099221;264099229;264099231;264099241;264099243;264099251;264099253;264099261;264099267
photos:264099269;264099271;264099279;264099287;264099297;264099301;264099303;264099307;264099317;264099323
photos:264099331;264099347;264099367;264099371;264099377;264099379;264099391;264099397;264099413;264099423
photos:264099425;264099427;264099435;264099443;264099447;264099451;264099467;264099473;264099479;264099483
photos:264099493;264099501;264099507;264099511;264099517;264099527;264099537;264099543;264099549;264099551
photos:264099559;264099563;264099569;264099571;264099575;264099577;264099579;264099581;264099583;264099589
photos:264099595;264099603;264099617;264099625;264099629;264099635;264099641;264099643;264099647;264099653
photos:264099657;264099659;264099661;264099669;264099673;264099675;264099687;264099689;264099691;264099709
photos:264099717;264099719;264099725;264099727;264099729;264099733;264099737;264099741;264099745;264099749
photos:264099751;264099757;264099769;264099771;264099773;264099775;264099781;264099783;264099787;264099791
photos:264099793;264099797;264099801;264099803;264099809;264099811;264099813;264099817;264099819;264099835
photos:264099839;264099843;264099849;264099851;264099857;264099869;264099871;264099873;264099877;264099885
photos:264099895;264099899;264099901;264099905;264099909;264099911;264099913;264099915;264099927;264099929
photos:264099949;264099957;264099963;264099965;264099969;264099971;264099979;264099981;264100005;264100009
photos:264100015;264100019;264100051;264100061;264100065;264100071;264100073;264100077;264100079;264100081
photos:264100085;264100099;264100103;264100105;264100107;264100109;264100111;264100121;264100123;264100127
photos:264100145;264100149;264100177;264100181;264100183;264100193;264100195;264100199;264100205;264100207
photos:264100209;264100213;264100219;264100221;264100225;264100227;264100231;264100245;264100251;264100253
photos:264100255;264100261;264100267;264100271;264100273;264100285;264100287;264100291;264100295;264100297
photos:264100299;264100307;264100309;264100311;264100315;264100317;264100347;264100385;264100387;264100395
photos:264100397;264100399;264100403;264100409;264100415;264100417;264100419;264100423;264100425;264100427
photos:264100429;264100435;264100439;264100445;264100447;264100453;264100457;264100461;264100463;264100465
photos:264100469;264100471;264100475;264100485;264100489;264100491;264100495;264100497;264100503;264100505
photos:264100517;264100519;264100521;264100523;264100529;264100531;264100533;264100537;264100549;264100551
photos:264100553;264100555;264100559;264100569;264100573;264100575;264100581;264100587;264100589;264100593
photos:264100601;264100607;264100619;264100623;264100625;264100635;264100637;264100639;264100641;264100643
photos:264100645;264100651;264100665;264100667;264100669;264100679;264100685;264100687;264100689;264100697
photos:264100699;264100709;264100717;264100719;264100721;264100725;264100727;264100735;264100743;264100771
photos:264100775;264100779;264100783;264100793;264100799;264100811;264100823;264100849;264100851;264100869
photos:264100881;264100883;264100889;264100893;264100911;264100915;264100931;264100937;264100951;264100971
photos:264100983;264100985;264100987;264100991;264101001;264101013;264101015;264101039;264101081;264101085
photos:264101089;264101103;264101109;264101111;264101121;264101127;264101133;264101139;264101141;264101153
photos:264101171;264101187;264101193;264101201;264101215;264101217;264101233;264101241;264101249;264101267
photos:264101273;264101279;264101299;264101301;264101327;264101329;264101369;264101377;264101385;264101389
photos:264101393;264101401;264101453;264101479;264101487;264101493;264101507;264101531;264101557;264101569
photos:264101571;264101587;264101591;264101595;264101615;264101637;264101643;264101647;264101653;264101655
photos:264101661;264101663;264101669;264101671;264101707;264101737;264101743;264101747;264101761;264101765
photos:264101769;264101775;264101779;264101781;264101785;264101789;264101801;264101807;264101813;264101815
photos:264101819;264101823;264101825;264101827;264101833;264101841;264101843;264101845;264101847;264101849
photos:264101853;264101863;264101869;264101871;264101873;264101881;264101885;264101887;264101891;264101893
photos:264101897;264101911;264101927;264101933;264101941;264101947;264101957;264101979;264101981;264101983
photos:264102005;264102051;264102065;264102073;264102103;264102107;264102109;264102115;264102123;264102129
photos:264102143;264102145;264102163;264102175;264102267;264102271;264102275;264102279;264102289;264102299
photos:264102301;264102313;264102321;264102327;264102337;264102351;264102353;264102355;264102365;264102377
photos:264102381;264102383;264102389;264102397;264102399;264102407;264102411;264102425;264102429;264102437
photos:264102439;264102457;264102465;264102467;264102471;264102477;264102479;264102485;264102489;264102491
photos:264102501;264102503;264102513;264102521;264102525;264102527;264102529;264102531;264102535;264102537
photos:264102543;264102547;264102551;264102555;264102559;264102563;264102575;264102577;264102579;264102597
photos:264102601;264102603;264102609;264102611;264102645;264102669;264102675;264102681;264102693;264102697
photos:264102719;264102721;264102731;264102735;264102753;264102757;264102767;264102769;264102783;264102789
photos:264102823;264102871;264102879;264102907;264102925;264102947;264102961;264102963;264102965;264103001
photos:264103005;264103013;264103015;264103027;264103043;264103045;264103055;264103059;264103063;264103079
photos:264103091;264103095;264103097;264103101;264103111;264103115;264103127;264103137;264103141;264103147
photos:264103153;264103159;264103165;264103167;264103179;264103183;264103207;264103209;264103211;264103225
photos:264103227;264103231;264103233;264103235;264103239;264103241;264103243;264103251;264103257;264103261
photos:264103281;264103289;264103293;264103303;264103307;264103311;264103319;264103321;264103327;264103329
photos:264103341;264103345;264103351;264103363;264103365;264103367;264103373;264103385;264103407;264103413
photos:264103421;264103425;264103433;264103435;264103437;264103439;264103445;264103451;264103453;264103465
photos:264103469;264103473;264103479;264103497;264103507;264103513;264103535;264103557;264103559;264103561
photos:264103565;264103571;264103577;264103583;264103589;264103607;264103639;264103657;264103669;264103671
photos:264103675;264103687;264103703;264103709;264103713;264103729;264103785;264103965;264104195